===== Sample #1 Input =====
3 3 0 0
2 3
1 3
1 2
===== Sample #1 Output =====
0 1 1
1 0 1
1 1 0
0 1 1
1 0 1
1 1 0
3 2
3 1
2 1
1 3 5 7
3 2 3 1 2 1
===== Sample #2 Input =====
3 3 1 1
3 1 5
2 2 4
3 1 3
===== Sample #2 Output =====
2 4
1 5 1 3
1 1 2 4
2 1 1
4 5 3
1 3 4 4
3 3 2
5 3 4
===== Sample #3 Input =====
3 3 0 1
1 3 5
2 2 3
2 3 1
===== Sample #3 Output =====
0 0 5
0 3 1
5 1 0
3 5
2 3 2 3 3 1
1 5 2 1
1 2 5 7
3 2 2 3 1 2
5 3 3 1 5 1
===== Sample #4 Input =====
4 3 0 1
3 3 5
2 4 6
2 4 7
===== Sample #4 Output =====
4 6 4 7
3 5 3 5
2 6 2 7
1 1 3 5 7
4 4 3 3 2 2
6 7 5 5 6 7
