===== Sample #1 Input =====
4 5
1 2 1
2 3 4
1 3 3
4 1 5
3 1 2

===== Sample #1 Output =====
0 1 3 -1
===== Sample #2 Input =====
10 50
5 9 6
1 3 10
3 1 1
10 2 5
8 5 1
10 10 6
6 5 2
1 5 10
2 5 5
10 1 4
1 5 2
8 8 7
7 2 7
9 2 8
3 1 4
6 2 5
3 9 9
4 9 5
5 10 9
10 1 9
5 4 5
9 1 2
5 10 6
3 8 7
10 3 7
5 8 8
9 2 6
9 8 6
3 2 8
1 3 8
1 10 1
7 8 4
9 4 5
4 6 2
2 7 6
10 1 5
9 9 7
6 7 4
1 1 7
8 3 10
8 3 9
10 9 8
3 9 1
7 4 8
1 5 4
8 4 4
3 4 4
9 9 2
2 10 4
8 9 6

===== Sample #2 Output =====
0 6 8 7 2 9 12 10 8 1
