===== Sample #1 Input =====
5 5
1 1
1 2
1 3
1 4
1 5
===== Sample #1 Output =====
31
===== Sample #2 Input =====
3 5
3 1 2 3
4 2 3 4 5
2 3 4
===== Sample #2 Output =====
28
===== Sample #3 Input =====
3 5
2 1 2
3 5 3 2
3 4 2 5
===== Sample #3 Output =====
30
===== Sample #4 Input =====
21 60
0 
0 
3 60 27 48
0 
1 48
2 52 14
2 4 31
0 
0 
2 28 43
2 6 31
0 
1 7
3 45 6 48
0 
1 51
0 
2 28 20
2 37 51
1 8
53 59 39 29 23 53 27 13 16 44 34 38 24 9 32 58 54 31 1 7 45 3 30 36 17 48 42 22 18 21 6 11 25 33 37 52 10 60 49 57 2 28 8 14 5 47 4 41 35 43 50 46 26 12
===== Sample #4 Output =====
1152884121210322895
