===== Sample #1 Input =====
4 8 
0 0 0 1 0 0 0 0 
0 0 0 0 0 2 0 1 
0 0 0 0 0 4 0 0 
3 0 0 0 0 0 1 0 
（池塘分成四行八列，贝西的起点在第四行
第一列，想去的终点在第三行第六列，池塘
里一共有五朵莲花和一块石头）

===== Sample #1 Output =====
2
6
2
最少要加两朵莲花，位置如 x 所示：
        0 0 0 1 0 0 0 0          0 0 0 1 0 0 0 0 
        0 x 0 0 0 2 0 1          0 0 0 0 0 2 0 1 
        0 0 0 0 x 4 0 0          0 0 x 0 x 4 0 0 
        3 0 0 0 0 0 1 0          3 0 0 0 0 0 1 0 
贝西至少要跳六步，两种不同的跳法如下：
        0 0 0 C 0 0 0 0          0 0 0 C 0 0 0 0 
        0 B 0 0 0 2 0 F          0 0 0 0 0 2 0 F 
        0 0 0 0 D G 0 0         0 0 B 0 D G 0 0 
        A 0 0 0 0 0 E 0          A 0 0 0 0 0 E 0      ）

