===== Sample #1 Input =====
0 0 0 0 0 0 0 0 0 0 0 0 0 0 0
0 0 0 0 0 0 0 0 0 0 0 0 0 0 0
0 0 0 0 0 0 0 0 0 0 0 0 0 0 0
0 0 0 0 0 0 0 0 0 0 0 0 0 0 0
0 0 0 0 0 0 0 0 0 2 0 0 0 0 0
0 0 0 0 0 0 0 2 0 2 0 0 0 0 0
0 0 0 0 0 0 2 1 1 2 0 0 0 0 0
0 0 0 0 0 0 0 1 2 1 0 0 0 0 0
0 0 0 0 0 0 2 1 1 1 1 2 0 0 0
0 0 0 0 0 0 0 1 0 1 0 1 0 0 0
0 0 0 0 0 0 2 2 0 1 1 0 2 0 0
0 0 0 0 0 0 0 0 0 2 0 2 0 0 0
0 0 0 0 0 0 0 0 0 0 0 0 0 0 0
0 0 0 0 0 0 0 0 0 0 0 0 0 0 0
0 0 0 0 0 0 0 0 0 0 0 0 0 0 0
===== Sample #1 Output =====
3 2
10 9
10 11
