===== Sample #1 Input =====
6
249999999 499999998
583333331 83333333
83333333 333333332
333333332 999999996
833333330 749999997
499999998 833333330
12
0 1 872826049 679758020 472526437 270998755 15447952 502239247
1 833333330 749999997 499999998 833333330 916666663 666666664
1 833333330 749999997 916666663 666666664 416666665 916666663
0 1 371653715 747730364 409617871 21996163 118531999 759280767
1 249999999 499999998 583333331 83333333 666666664 166666666
0 1 195920917 488293591 322952040 262793733 678458193 506876149
0 1 203963007 782710007 391614158 831643205 340800821 896322422
0 1 498571077 461554269 765704840 973009111 152064733 114249255
1 499999998 833333330 249999999 499999998 999999996 583333331
0 1 159294077 702544938 787871788 619972292 941209243 950700951
0 1 791254252 411705638 382076333 263993056 306662346 47793905
0 1 13359599 513224793 415037020 28305143 48117026 34994422
===== Sample #1 Output =====
out
out
in
in
out
out
out
in
