===== Sample #1 Input =====
3 2 2
===== Sample #1 Output =====
3 1 2
===== Sample #2 Input =====
10 6 4
===== Sample #2 Output =====
1 2 3 4 5 7 6 10 9 8
===== Sample #3 Input =====
50 233 233
===== Sample #3 Output =====
1 2 3 4 5 6 7 8 9 10 11 12 13 14 15 16 17 18 19 20 21 22 23 24 25 26 27 32 50 49 48 47 46 45 44 43 42 41 40 39 38 37 36 33 35 34 31 30 29 28
===== Sample #4 Input =====
50 233333333 333
===== Sample #4 Output =====
1 2 3 4 5 6 7 8 9 10 11 12 13 14 15 16 17 18 19 20 21 22 23 43 49 50 47 46 45 48 44 41 42 40 39 37 38 36 35 34 33 32 30 29 31 28 25 26 27 24
