===== Sample #1 Input =====
2 5
ABCAD
0000000011111111
01
1000
0010
0100
1000
0010
1001001001001001
01
0001
1010
0111
1111
0000
===== Sample #1 Output =====
ID: 255
Type Correct
40.0

Wrong ID
===== Sample #2 Input =====
3 3
ABC
0000000000000000
01
1111
0001
0100
0000000000000010
10
1000
0100
0010
0000000000000011
11
0001
0000
0010

===== Sample #2 Output =====
Wrong ID

ID: 2
Type Correct
100.0

ID: 3
Type Incorrect
33.3

===== Sample #3 Input =====
5 31
ACAACCDDBBDADDCBCACCDBCAACAAAAC
0000101111000001
10
1000
0010
1000
1111
0010
0010
0001
0001
0100
0100
0001
1000
0001
0001
0010
1111
0010
1000
0010
0010
0001
0100
1111
1000
1000
0010
1000
0100
1000
1000
0010
0000010101001111
10
1000
0010
1000
1000
0010
0010
0001
0001
0100
0100
0001
1000
0001
0001
0010
0100
1000
1000
0000
0010
0001
0100
0010
1000
1000
0010
1000
1000
0000
0000
0010
0001110001100110
11
1000
0010
1000
1000
0010
0010
0001
0001
0100
0100
0001
1000
0010
0100
0010
0100
0010
0100
0010
0010
0001
0100
0010
1000
1000
0010
1000
1111
1000
1000
0010
0001001111110001
10
1010
0010
1000
1000
0010
0010
0001
0001
0100
0100
0010
1000
0001
0001
0010
0100
0010
1000
0010
0010
0001
0100
0010
1000
1000
0010
1000
1000
1000
1000
0010
0001110010000100
10
1000
0010
1000
1000
0000
0010
0001
0001
0100
0100
0001
1000
0001
0001
0001
0100
0010
1000
0010
0010
0001
0100
0010
1000
1000
0010
1000
1000
0000
1000
0001

===== Sample #3 Output =====
ID: 3009
Type Incorrect
87.1

ID: 1359
Type Incorrect
87.1

ID: 7270
Type Incorrect
87.1

ID: 5105
Type Incorrect
93.5

ID: 7300
Type Correct
87.1

