===== Sample #1 Input =====
4 4 7 2
1 2 3 4
0 1 4
1 2 4
0 1 4
1 1 3
===== Sample #1 Output =====
0
3
===== Sample #2 Input =====
1 40 19910626 2
0
0 1 1
1 1 1
0 1 1
1 1 1
0 1 1
1 1 1
0 1 1
1 1 1
0 1 1
1 1 1
0 1 1
1 1 1
0 1 1
1 1 1
0 1 1
1 1 1
0 1 1
1 1 1
0 1 1
1 1 1
0 1 1
1 1 1
0 1 1
1 1 1
0 1 1
1 1 1
0 1 1
1 1 1
0 1 1
1 1 1
0 1 1
1 1 1
0 1 1
1 1 1
0 1 1
1 1 1
0 1 1
1 1 1
0 1 1
1 1 1
===== Sample #2 Output =====
1
2
4
16
65536
11418102
18325590
13700558
13700558
13700558
13700558
13700558
13700558
13700558
13700558
13700558
13700558
13700558
13700558
13700558
