===== Sample #1 Input =====
1 0
13
1 2
2 3
2 4
4 5
4 6
4 7
7 8
7 9
9 10
10 11
10 12
12 13
===== Sample #1 Output =====
8
===== Sample #2 Input =====
8 0
1
2
1 2
3
1 2
2 3
4
1 3
2 3
2 4
5
1 5
2 5
3 5
4 5
16
1 2
1 3
1 4
1 5
5 6
5 7
5 8
5 9
9 10
9 11
9 12
9 13
13 14
13 15
13 16
17
1 2
1 3
1 4
1 5
5 6
5 7
5 8
5 17
17 9
9 10
9 11
9 12
9 13
13 14
13 15
13 16
17
8 6
2 6
11 6
4 6
14 2
10 2
5 4
1 4
9 8
17 11
12 5
3 6
13 6
16 8
7 11
15 16

===== Sample #2 Output =====
0
1
2
2
4
12
13
10

===== Sample #3 Input =====
8 1
1 1 1
2 1 1
1 2
3 2 2
1 2
2 3
4 2 2
1 3
2 3
2 4
5 5 5
1 5
2 5
3 5
4 5
16 1 5
1 2
1 3
1 4
1 5
5 6
5 7
5 8
5 9
9 10
9 11
9 12
9 13
13 14
13 15
13 16
17 1 5
1 2
1 3
1 4
1 5
5 6
5 7
5 8
5 17
17 9
9 10
9 11
9 12
9 13
13 14
13 15
13 16
17 2 4
8 6
2 6
11 6
4 6
14 2
10 2
5 4
1 4
9 8
17 11
12 5
3 6
13 6
16 8
7 11
15 16

===== Sample #3 Output =====
0
1
2
2
4
12
13
10

