===== Sample #1 Input =====
3 100
0 10 0 10000000 0.006207480877613 0 0
8.660254037844 -5 0 10000000 -0.003103740438807 -0.00537583613352 0
-8.660254037844 -5 0 10000000 -0.003103740438807 0.00537583613352 0
===== Sample #1 Output =====
0.620349511786 9.980741705470 0.000000000000
8.333401109655 -5.527609289167 0.000000000000
-8.953750621441 -4.453132416303 0.000000000000
===== Sample #2 Input =====
3 100
0 10 0 10000000 0.06207480877613 0 0
8.760254037844 -5 0 10000000 -0.03103740438807 -0.0537583613352 0
-8.660254037844 -5 0 10000000 -0.03103740438807 0.0537583613352 0
===== Sample #2 Output =====
6.204092324054 9.982347016794 0.000000000000
5.642963405596 -10.364100727695 0.000000000000
-11.747055729651 0.381753710901 0.000000000000
