===== Sample #1 Input =====
3 2 4 0 2
A 1 3 5
Q 2 3 
5
1 3
2 3
1 1 
2 2 
3 3

===== Sample #1 Output =====
1
2
1
1
1
0

===== Sample #2 Input =====
17 25 4098 310 2622
A 10 16 657212040
A 4 15 229489140
A 1 2 -433239891
A 3 12 532385784
A 10 17 56266644
A 8 10 10038874
A 6 9 13084764
A 4 5 -9206340
Q 2 8
A 2 4 -43223955
A 6 9 31478706
A 2 4 189818310
A 2 8 179421180
A 2 8 40354938
Q 8 14
A 3 6 57229575
A 6 13 132795740
A 2 17 14558022
A 14 15 -552674185
A 5 11 -1104138
Q 2 12
Q 1 14
A 3 9 524902182
A 8 12 114291440
A 3 7 107531442
1
11 12

===== Sample #2 Output =====
3
6
7
8
2

===== Sample #3 Input =====
20 3 4317 1020 2232
A 8 15 -434078222
A 1 2 54988154
A 13 19 81757858
15
7 11
3 5
3 9
6 9
9 13
6 19
1 20
3 5
3 10
1 7
2 14
6 10
2 3
2 3
10 12

===== Sample #3 Output =====
0
0
0
0
0
2
2
0
0
0
0
0
0
0
0

