===== Sample #1 Input =====
5
1 1 1
3 1 2
4 4 4
2 0 1
2 2 3
5
1 1 2
2 4 4
2 4 3
3 0 1
5 0 1
===== Sample #1 Output =====
3
4
6
8
8
===== Sample #2 Input =====
5
1803632939 1051911108 963670239
296082233 384714041 782958792
1706221977 1051911108 963670239
1890039364 -1429456864 794782986
1152753107 1932597483 1442217530
10
3 -1429456864 794782986
2 -1429456864 794782986
4 -1429456864 794782986
4 2062723523 -411953943
5 -1429456864 794782986
4 1051911108 963670239
4 1051911108 963670239
1 1051911108 963670239
1 1051911108 963670239
5 -1429456864 794782986
===== Sample #2 Output =====
1890039364
3780078728
3780078728
3607265878
3412443954
