===== Sample #1 Input =====
3
5 5 3 3 2 2
5 7 3 5 2 2
5 7 4 6 1 1
===== Sample #1 Output =====
1
1
1
===== Sample #2 Input =====
3
5 5 3 3 3 2
5 7 1 4 2 2
5 7 1 2 1 2
===== Sample #2 Output =====
-1
-1
-1
===== Sample #3 Input =====
4
999999999999 999999999999 454545454545 454545454545 1 1
777777777777 777777777777 343434343434 343434343434 1 1
777777777777 999999999999 343434343434 454545454545 1 1
999999999999 777777777777 454545454545 343434343434 1 1
===== Sample #3 Output =====
454545454544
343434343433
-1
-1
