===== Sample #1 Input =====
6 
2 3 
4 5 
-1 -2 
-3 -4 
-5 -6 
1 2 3 
1 3 2 
2 1 3 
2 3 1 
3 1 2 
3 2 1
===== Sample #1 Output =====
54
===== Sample #2 Input =====
9 
2 -2 
3 -3 
4 -4 
5 -5 
6 -6 
7 -7 
8 -8 
-1 -9 
1 60 1 
1 60 1 
1 60 1 
1 60 1 
1 60 1 
1 60 1 
1 60 1 
1 60 1 
1 60 1
===== Sample #2 Output =====
548
===== Sample #3 Input =====
12 
2 4 
5 3 
-7 10 
11 9 
-1 6 
8 7 
-6 -10 
-9 -4
-12 -5 
-2 -3 
-8 -11 
53 26 491 
24 58 190 
17 37 356 
15 51 997 
30 19 398 
3 45 27 
52 55 838 
16 18 931 
58 24 212 
43 25 198 
54 15 172 
34 5 524
===== Sample #3 Output =====
5744902
 

