===== Sample #1 Input =====
8 8
0 1 1 0 0 1 1 1
2 4 4 0 3 4 4 4
2 4 4 3 4 4 4 4
2 4 4 4 4 4 1 0
0 2 4 4 3 4 4 1
0 1 3 4 4 4 4 4
2 4 4 4 4 2 4 4
2 4 4 4 0 2 4 4
23 30 27 12 16
16 9 7 17 24 8 7 9
17 8 9 15 29 8 9 5 7
35 6 8 5 9 7 12
7 6 1 7 8 2 6 7
11 10 16 4 6 1 3 2
21 8 9 3 1 5 1 4
6 3 1 2 3 2 1
-1 -1 -1 -1 -1
-1 -1 -1 -1 -1 -1 -1 -1
-1 -1 -1 -1 -1 -1 -1 -1 -1
-1 -1 -1 -1 -1 -1 -1
-1 -1 -1 -1 -1 -1 -1 -1
-1 -1 -1 -1 -1 -1 -1 -1
-1 -1 -1 -1 -1 -1 -1 -1
-1 -1 -1 -1 -1 -1 -1
===== Sample #1 Output =====
0
===== Sample #2 Input =====
5 5
0 1 1 1 1
2 4 4 4 4
2 4 4 3 4
2 4 4 4 4
2 4 4 4 4
16 8 6 8
4 4 9 5 4
12 8 4 19 10 4
14 2 3 3 6
1 7 9 4 5
17 5 10 13
11 15 16 4 14
20 20 15 5 16 3
4 3 19 2 4
19 19 13 15 20
===== Sample #2 Output =====
822
