===== Sample #1 Input =====
10
1 1 1000000001
2 2 1000000003
3 2 1000000005
3 3 1000000007
4 2 1000000009
4 3 1000000011
4 4 1000000013
5 5 1000000015
7 7 1000000017
9 9 1000000019
===== Sample #1 Output =====
1
2
8
21
6
15
28
605
16765
530937

===== Sample #2 Input =====
10
8821612800 758922381 1073365919
8380532160 166822173 1001828119
9311702400 7367823578 1015387267
6983776800 1646145481 1030885259
6692786100 1953515781 1073365919
7138971840 2649942813 1001828119
6469693230 2585876408 1015387267
8031343320 1646145481 1030885259
9995200351 645412247 1030328983
9302162851 1649517328 1053299347

===== Sample #2 Output =====
896784901
911577797
674524325
392648220
646549222
879297585
384496639
889650008
957785169
413147483
