===== Sample #1 Input =====
5 5
1 1 1 1 5
2 2 2 2 4
1 1 2 2 3
3 1 3 1 10
5 5 5 5 1
===== Sample #1 Output =====
16
1
===== Sample #2 Input =====
20 1000000000
20204201 39958379 15138434 34289618 398078390
85600475 39563639 66410111 36702766 611878653
36702694 1628762 125746709 79172847 611878653
103077330 79188107 6711555 56295346 611878653
212677316 202221253 26717633 234187985 158044893
297040787 198938585 43827694 296390944 158044893
109256220 180224853 267561686 65767679 472347047
167183048 72650618 4390517 30073538 471045792
214834767 93996707 94416376 34549122 359059039
89445418 135311221 266840392 213735818 398078390
343357648 61588748 188180842 396968607 144378900
285457193 157755350 336368020 572049737 472347047
171728638 398663231 323772972 359470762 611878653
234684711 226541116 270561472 376433946 229386389
293174669 58119648 352134416 262971247 144378900
182250938 623413311 303663331 506122949 611878653
817319765 321076346 200801449 745136845 698518241
26356940 295529493 725103952 845588002 533478406
510252473 498314898 168621119 519205227 472347047
947274653 288133984 692904616 340022215 611878653

===== Sample #2 Output =====
1696104353
6
