===== Sample #1 Input =====
10 10
1 2 3 4 5 6 7 8 9 10
2 1 10
2 1 10
2 1 10
2 1 10
2 1 10
2 1 10
2 1 10
2 1 10
2 1 10
2 1 10

===== Sample #1 Output =====
10
9
8
7
6
5
4
3
2
1
QAQ
===== Sample #2 Input =====
10 11
0 0 0 0 0 0 0 0 0 0
3 1 10 1
3 2 10 1
3 3 10 1
3 4 10 1
3 5 10 1
3 6 10 1
3 7 10 1
3 8 10 1
3 9 10 1
3 10 10 1
2 1 10

===== Sample #2 Output =====
10
QAQ
===== Sample #3 Input =====
10 13
0 0 0 0 0 0 0 0 0 0
1 10 10000
1 9 9000
1 8 8000
1 7 7000
1 6 6000
1 5 5000
1 4 4000
1 3 3000
1 2 2000
1 1 1000
2 10 10
2 8 8
2 8 10

===== Sample #3 Output =====
10000
8000
9000
Sakura
