===== Sample #1 Input =====
1
5 5 9
1 2 3 4 5
4 5 6 7 8
2
===== Sample #1 Output =====
2
===== Sample #2 Input =====
5
20 10 1329
540 499 490 419 308 261 323 476 476 374 23 13 14 16 19 34 43 19 27 32 
8 8 8 8 8 7 7 7 7 7 
50
20 10 1800
74 434 97 134 283 118 234 498 328 388 29 48 48 43 23 42 31 16 20 26 
8 8 7 6 8 8 8 7 7 7 
50
20 10 2704
142 378 330 281 377 64 340 309 466 289 34 37 19 17 20 48 21 28 38 15 
6 8 6 6 8 7 7 7 7 6 
50
20 10 72
365 356 456 479 459 222 548 377 212 223 38 20 49 18 49 38 31 48 41 17 
6 8 7 6 8 7 8 8 8 6 
50
20 10 1416
367 191 403 298 445 464 79 467 431 362 10 45 48 37 46 43 11 35 30 39 
8 6 8 7 7 7 8 8 7 8 
50
===== Sample #2 Output =====
1023
1023
1023
15
1023
