===== Sample #1 Input =====
20 20
8 6 4 9 9 8 5 5 7 9 8 8 5 8 2 2 2 1 9 4 
1 17 19 4
1 3 8 5
3 2
2 4 10
1 14 19 8
2 10 16
2 9 9
1 1 18 1
1 1 7 10
2 4 6
2 9 10
1 5 17 2
1 10 19 6
1 2 5 2
1 6 8 2
1 14 19 1
1 4 7 6
1 17 19 10
2 8 12
1 10 10 2

===== Sample #1 Output =====
52
54
7
30
2
22

===== Sample #2 Input =====
20 20
8 6 4 9 9 8 5 5 7 9 8 8 5 8 2 2 2 1 9 4 
1 17 19 4
1 3 8 5
3 2
2 4 10
1 58 39 8
2 62 36
2 63 63
1 6 21 1
1 6 0 10
2 3 1
2 23 20
1 7 19 2
1 8 17 6
1 0 7 2
1 4 10 2
1 12 17 1
1 6 5 6
1 19 17 10
2 10 14
1 28 28 2

===== Sample #2 Output =====
52
54
7
30
2
22

