===== Sample #1 Input =====
4 2 1
2 1 4
4 1 2
3 1 2
1 2
2 6
3 3
4 3
===== Sample #1 Output =====
40
===== Sample #2 Input =====
5 1 1
1 2 2
3 2 2
4 1 2
5 4 2
1 1
3 1
5 1

===== Sample #2 Output =====
16
===== Sample #3 Input =====
20 10 18
1 17 86406
17 16 94583
19 10 28177
16 18 31981
10 14 36241
1 7 28919
2 1 94673
5 6 2801
7 11 81927
11 13 7779
17 5 71948
19 7 20264
1 8 17736
13 20 97181
17 9 16807
11 15 93705
17 3 29601
1 12 43829
13 4 27537
1 6
20 23585
9 8376
12 3128
15 5417
8 4011
3 1156
6 1497

===== Sample #3 Output =====
1289613990
