===== Sample #1 Input =====
5
1 1 1 1
2 2 2 1
7 8 9 3
123 456 789 1
1000 1000 1000 10
===== Sample #1 Output =====
1
142606337
736950806
246172965
189652652
===== Sample #2 Input =====
10
4975401 4951343 4803566 22
4499697 4989534 4995301 89
4960387 4800714 4985451 20
4549943 4925900 4582735 36
3010525 4611932 4998770 67
4980964 4865325 4531707 55
2953628 4962026 4999540 52
4599954 4988700 4817773 75
4981351 4950027 4852696 16
4695981 4993997 4953978 2

===== Sample #2 Output =====
856105281
423884937
154402492
813209966
683750161
337149076
838552619
849850633
605653899
384868262

