===== Sample #1 Input =====
4 7
-1 -1 0 2 1 1 0 0 0 5 0 RAAAAAA
51 0 1 1 4 0 0 1 0 5 0 UMMMMMM
-2 0 0 2 0 0 0 0 0 5 1 FFFNNNN
53 0 0 2 4 0 0 0 0 5 1 FFFNNNN

===== Sample #1 Output =====
6 0 0 1
45 0 0 0
5 0 0 4
46 0 0 7

===== Sample #2 Input =====
7 1
0 0 0 0 0 2 0 0 0 1 0 A
1 0 0 0 0 4 0 0 0 3 0 A
1 0 0 0 0 1 1 1 1 4 0 N
1 0 -1 0 0 0 0 0 0 2 0 N
0 1 0 0 0 0 0 3 0 3 0 M
0 1 -1 0 0 0 0 0 1 3 0 N
0 1 -1 0 0 0 0 0 2 3 0 N
===== Sample #2 Output =====
0 0 -1 1
1 0 -1 3
1 0 -1 4
1 0 -2 2
0 1 -1 3
0 1 -2 1
0 1 -2 2
