===== Sample #1 Input =====
3 3 7 2 6
3 1 4 5 3
3 1 2 6 4
3 1 10 3 5
3 2 8 3 6
3 7 9 2 1
1 1 2 3 4
1 3 11 10 12
1 8 6 7 4
1 9 9 8 8
1 12 10 12 12
1 7 8 9 10

===== Sample #1 Output =====
6
1 2 3 4 5 6

===== Sample #2 Input =====
3 3 7 2 6
3 1 4 5 3
3 1 2 6 4
3 1 10 3 5
3 2 8 3 6
3 7 9 2 1
1 1 2 3 4
1 3 11 10 12
1 8 6 7 4
1 9 9 8 8
1 12 10 12 12
1 7 8 9 10

===== Sample #2 Output =====
6
1 1 2 3 4 5

===== Sample #3 Input =====
4 2 2 2 2
4 1 1 1 1
1 1 1 1 1
1 1 1 1 1
1 1 1 1 1
1 1 1 1 1
1 1 1 1 1
1 1 1 1 1
1 1 1 1 1
1 1 1 1 1
1 1 1 1 1
1 1 1 1 1

===== Sample #3 Output =====
1
1

===== Sample #4 Input =====
4 9 3 4 5 
1 9 8 12 11 
4 7 5 6 12 
3 2 2 11 2 
3 6 8 2 12 
4 8 4 2 11 
2 12 9 5 3 
4 1 1 11 1 
1 1 7 4 1 
4 11 6 12 8 
2 6 3 7 6 
4 3 9 7 10 

===== Sample #4 Output =====
10
11 4 6 10 7 7 5 9 9 9 

