===== Sample #1 Input =====
2 0
1 1
3 3
2 2
4 4
9
1 1 1 1
1 1 1 2
1 1 2 2
2 1 1 1
1 2 1 2
1 2 2 2
2 2 1 1
2 2 1 2
2 2 2 2

===== Sample #1 Output =====
18
2
6
4
2
18
16
0
12
12

===== Sample #2 Input =====
2 0
1 1
2 2
2 2
3 3
9
1 1 1 1
1 1 1 2
1 1 2 2
1 2 1 1
1 2 1 2
1 2 2 2
2 2 1 1
2 2 1 2
2 2 2 2

===== Sample #2 Output =====
11
2
5
3
2
11
9
0
6
6

===== Sample #3 Input =====
5 0
1 1
1 1
1 1
2 1
2 1
1 1
1 1
2 1
2 1
3 1
7
2 4 1 1
1 3 3 4
3 4 5 5
2 5 4 4
1 5 5 5
1 3 1 2
1 2 3 4

===== Sample #3 Output =====
11
0
6
5
6
5
0
6

===== Sample #4 Input =====
3 0
3 1
2 2
1 3
4 4
5 5
6 6
12
1 3 2 2
1 2 2 3
3 1 1 2
2 1 3 1
1 1 2 3
3 1 3 1
3 2 2 3
1 2 3 3
1 2 1 3
3 2 1 1
2 2 1 3
3 3 1 2

===== Sample #4 Output =====
90
30
33
54
45
11
90
55
18
45
20
30
27

===== Sample #5 Input =====
3 2 233 5 10

===== Sample #5 Output =====
15618218285282996994
===== Sample #6 Input =====
3 0
3 754517792
1 842082509
4 600944080
2 592435186
5 348652025
5 247250863
10
1 3 3 2
3 2 1 1
2 2 3 2
2 1 2 1
3 3 3 1
2 3 3 2
1 3 3 3
1 3 3 3
2 2 1 3
2 1 2 1

===== Sample #6 Output =====
988687952
712318441
204869162
71500349
703342331
285345621
783818790
712318441
712318441
276369511
703342331

