===== Sample #1 Input =====
1 3 5
2 3 5

===== Sample #1 Output =====
0 1 1 0 1

===== Sample #2 Input =====
6 3 7
2 3 4
2 5 7
3 5 7
1 3 5
5 6 7
1 2 3

===== Sample #2 Output =====
1 2 3 1 3 1 1

===== Sample #3 Input =====
10 10 20
2 3 4 8 9 11 12 16 17 18
2 3 6 10 12 13 14 15 19 20
1 3 7 10 11 13 14 15 17 19
1 2 4 6 7 9 15 17 19 20
2 3 5 6 9 11 14 16 19 20
1 2 3 8 9 10 11 12 15 19
1 4 6 7 9 12 13 17 18 19
1 7 8 9 10 11 13 15 18 20
1 5 6 7 8 9 13 16 18 19
4 5 7 10 11 13 14 17 18 20

===== Sample #3 Output =====
1 2 2 3 2 2 4 3 3 3 3 4 2 1 3 1 2 2 2 1

