===== Sample #1 Input =====
6 6
1 3 5 7 9 11
0 1 1 0 1
3 1 6
3 3 6
1 1 2 13
2 3 4 1
3 1 6
3 3 6
===== Sample #1 Output =====
205
134
45058
3465
===== Sample #2 Input =====
20 20
525160717 947806001 1495853547 5283947 39115023 1008063001 397093019 1434942997 247321621 145181297 359967329 642658073 1402873249 50886569 150383317 1004954721 351661441 1660759179 48867601 1316622161 
0 0 0 0 0 0 0 1 0 1 0 0 0 1 0 0 0 0 1 
3 2 19
3 2 15
3 9 9
1 16 16 394339135
2 1 19 0
3 1 15
1 4 11 564942769
3 7 7
2 2 19 0
3 1 1
3 9 9
1 9 9 705415201
1 3 18 152081579
1 13 17 905666497
1 11 17 612267547
1 2 20 111949431
2 1 1 0
1 10 17 838945201
2 4 18 0
3 2 18

===== Sample #2 Output =====
900803889
834560968
247321621
852589651
564942769
525160717
564942769
719106438

