===== Sample #1 Input =====
2 
10 10
1 1 1 1 1 1 1 1 1 1 
1 1 1 1 1 1 1 1 1 1
1 1 1 9 8 7 6 5 4 1
1 1 9 8 7 6 5 4 1 1
1 1 8 7 6 5 4 1 1 1
1 1 7 6 5 4 1 1 1 1
1 1 6 5 4 1 1 1 1 1
1 1 5 4 1 1 1 1 1 1
1 1 4 1 1 1 1 1 1 1
1 1 1 1 1 1 1 1 1 1
3 3 0 0 0 0 0 0
8 8 0 0 0 0 0 0
===== Sample #1 Output =====
44
0 3 3 6 5 3 1 2 4
3 3 2 3 1 5 6 2 4
5 4 2 2 4 5 6 1 3
6 5 2 1 3 5 6 4 2
10 6 2 4 2 5 6 3 1
13 7 2 3 1 5 6 2 4
15 8 2 2 4 5 6 1 3
16 9 2 1 3 5 6 4 2
20 10 2 4 2 5 6 3 1
26 10 3 6 5 4 2 3 1
28 10 4 2 4 6 5 3 1
29 9 4 1 3 6 5 2 4
34 9 5 5 6 1 3 2 4
38 8 5 4 2 1 3 5 6
41 8 6 3 1 4 2 5 6
43 8 7 2 4 3 1 5 6
44 8 8 1 3 2 4 5 6
