===== Sample #1 Input =====
3 2
094
2 01
3 149
2 45
145
345

===== Sample #1 Output =====
11
===== Sample #2 Input =====
2 1
12
2 12
2 34
13

===== Sample #2 Output =====
-1
===== Sample #3 Input =====
6 10
907887
9 295064731
6 796350
9 295378410
5 48520
9 745208361
7 8079632
111664
422880
521471
433649
037388
091076
235569
979229
268527
690028

===== Sample #3 Output =====
153085
===== Sample #4 Input =====
18 10
869813962161100526
7 1762348
8 13948756
6 542169
8 78314952
6 432601
9 697130845
8 16358709
8 95204367
8 24079563
6 145602
7 6231549
6 157096
8 62534170
5 82390
7 5396702
8 20536491
7 1438692
5 59261
396440170984129947
891187409797339137
626815840963841542
192230179244843846
148170753474901744
142718603216393332
486224779191226121
819116507635433912
879948053659796486
875405657525125039

===== Sample #4 Output =====
1468282385203195
