===== Sample #1 Input =====
7 19
1 3 -8
1 4 8
1 13 -1
2 2
1 1 -10
1 1 8
2 12

===== Sample #1 Output =====
-10
-10

===== Sample #2 Input =====
29 1066163924
2 680224223
1 440869582 -1203
2 993311885
1 729027357 9874
2 665374856
1 192704973 -9712
1 681750770 -1099
2 239837676
1 938998353 -109
2 174153423
1 781133679 7360
2 522379034
2 125773599
1 483114333 -376
2 723115805
2 699246389
1 527125403 9279
1 930492461 -9753
1 14775627 -3676
1 152692805 5045
1 945645197 2710
2 298593273
1 888744817 2514
1 651751441 4559
2 963653895
1 986621281 -8296
2 10216021
2 848072343
2 482342087

===== Sample #2 Output =====
0
-5264389353
181209893739
-398925734374
-431628986929
-73026998100
-298228449649
73714612345
53926122085
97102847037
96145153438
110646771673
199641765482
314932271763

