===== Sample #1 Input =====
4
3 2 4 0
10 10 10 20
0.3 0.5 0.7 0.4
0.2 0.6 0.2 0.2
0.7 0.1 0.8 0.2
0.5 0.5 0.5 0.5
0.2 0.5 0.3 0.6
0.3 0.5 0.4 0.1
3 2 4 1
10 10 10 20
0.3 0.5 0.7 0.4
0.2 0.6 0.2 0.2
0.7 0.1 0.8 0.2
0.5 0.5 0.5 0.5
0.2 0.5 0.3 0.6
0.3 0.5 0.4 0.1
2 3 1
3 2 4 1
10 10 10 20
0.3 0.5 0.7 0.4
0.2 0.6 0.2 0.2
0.7 0.1 0.8 0.2
0.5 0.5 0.5 0.5
0.2 0.5 0.3 0.6
0.3 0.5 0.4 0.1
1 2 1
3 2 4 2
10 10 10 20
0.3 0.5 0.7 0.4
0.2 0.6 0.2 0.2
0.7 0.1 0.8 0.2
0.5 0.5 0.5 0.5
0.2 0.5 0.3 0.6
0.3 0.5 0.4 0.1
1 2 1
2 3 1
===== Sample #1 Output =====
15.1460
18.5340
18.7560
-1
