===== Sample #1 Input =====
100 84
30 79
26 63
96 30
17 97
33 63
73 25
17 7
96 48
80 6
3 34
51 48
33 37
89 7
72 65
51 54
49 37
45 72
50 39
95 89
3 55
25 0
2 54
10 91
59 2
29 46
0 40
95 68
69 45
87 68
49 38
20 69
87 15
35 39
59 47
38 62
91 19
35 70
83 19
28 20
70 24
36 55
75 36
28 12
53 29
12 16
75 84
40 85
27 53
58 62
88 84
44 27
76 24
58 22
8 44
94 15
14 94
5 83
31 85
90 5
88 42
81 47
76 67
82 80
31 93
14 74
42 98
99 82
71 8
98 92
18 22
81 52
99 23
41 67
74 1
93 56
4 52
1 86
92 60
56 66
18 61
16 57
43 23
4 64
-1

===== Sample #1 Output =====
100

