===== Sample #1 Input =====
5 5
12 8 9 14 21
1 5 2
1 3 3
3 5 7
1 5 6
2 3 7
===== Sample #1 Output =====
1016064
2592
18522
9144576
3528

===== Sample #2 Input =====
10 10
47 47 47 3 7 19 2 7 31 31 
1 3 53
4 4 61
2 8 73
6 7 53
1 5 47
2 5 73
5 6 71
7 7 67
4 7 83
1 9 59

===== Sample #2 Output =====
456856666
183
802334105
106742
816245119
365992530
670453
134
871739899
194416112

===== Sample #3 Input =====
10 10
2 13 13 2 3 17 11 19 19 7 
4 8 1
1 2 7
6 7 37
9 10 7
1 8 9
3 8 47
5 8 2
3 6 9
4 5 25
4 5 8

===== Sample #3 Output =====
21318
1274
256003
931
819082258
40076077
170544
2899962
3750
192

===== Sample #4 Input =====
10 10
14 39 31 30 3 21 19 17 35 2 
1 3 10
6 6 19
2 4 3
6 8 18
1 10 2
5 6 49
2 6 8
7 9 26
3 6 12
1 1 10

===== Sample #4 Output =====
8463000
399
108810
13186152
23723126
21609
437603581
198696680
22498560
70

