===== Sample #1 Input =====
10 10 1 1
0 1 8 8 5 6 6 8 0 1 
9 2 8 8 6 2 5 0 1 8 
3 9
1 2 3
3 10
3 5
2 10 0
3 10
1 5 9
2 9 7
3 9
3 4

===== Sample #1 Output =====
610
1034
390
674
1018
246

===== Sample #2 Input =====
10 10 873892251 2
393158301 365328187 234823508 38818450 963771276 826653462 358628534 626503513 239326879 647251399 
1 1 1 1 1 1 1 1 1 1 
1 6 861625956
1 2 300158647
1 2 84103073
3 8
1 1 942644245
1 9 883742604
1 2 974963615
3 5
1 8 710319943
3 1

===== Sample #2 Output =====
35415628
483475596
154061492

===== Sample #3 Input =====
10 10 480345252 3
494173949 364489100 93066339 249297520 207335443 117096873 864460454 113006173 214332928 582507765 
5658914 222040024 221653308 296560771 594076100 151232714 410372721 23331041 374481229 184401699 
3 6
3 8
1 1 931776921
1 6 44943479
1 6 946828878
1 4 9046748
3 3
1 7 692410213
1 10 483672045
3 10

===== Sample #3 Output =====
214010503
321766325
894782746
274293582

