===== Sample #1 Input =====
6 3 8 1
1 4 6 7 10 20 
2 3 8 11 14 18 
5 9 12 13 15 17 
20
6
9
4
29
5
14
9
===== Sample #1 Output =====
20
6
9
23
13
11
11
3
===== Sample #2 Input =====
2 4 1 1
64 65
25 26
44 62
35 81
81
===== Sample #2 Output =====
81
===== Sample #3 Input =====
20 4 10 1
553 897 1333 1949 2261 2541 2901 3133 3209 3713 4373 4749 5761 7405 8733 10417 13013 15185 16825 16981 
246 750 806 1534 2274 2470 2486 3278 3954 4618 5306 5638 6114 6310 7106 7522 7734 8170 8702 8974 
1047 1275 2347 2711 3607 4719 5911 6051 7099 7519 8087 8435 8499 8687 8835 10151 10491 11159 11915 12483 
548 1392 2188 3260 3404 3768 5076 5668 5732 6612 7284 7492 8900 9008 9536 9768 11160 12096 12300 13100 
3133
3331
4139
2685
2229
1163
3228
2694
3913
7058
===== Sample #3 Output =====
600
8156
676
1176
600
3800
8
432
8156
320
