===== Sample #1 Input =====
5
1 1
1 1 1
3 5
1 1 2
6 62
3 2 1
23 13
10 10 10
233 10
233 233 233

===== Sample #1 Output =====
5
545
114514
55555555554444444441111
-1

===== Sample #2 Input =====
5
100 64
33 33 34
114 63
33 33 50
115 62
111 11 1
192 60
8 1 7
233 64
100 100 33

===== Sample #2 Output =====
5555555555555555555555555555555555444444444444444444444444444441111111111111111111111111111111414144
555555555555555555555555555555555555555555555555444444444444444444444444444444441111411111111111111111111111111111
5444444444111111111114111111111111111111111111111111111111111111111111111111111111111111111111111111111111111111114
-1
55555555555555555555555555555555544444444444444444444444444444444444444444444444444444444444444444444444444444444444444444444444411111111111111111111111111111111111111111111111111111111111111111111111111111111111111111111111111414144

