===== Sample #1 Input =====
5 7 5 0
3 2
1 2
4 3
5 4
3 1
5 3
5 1
3 1 4
1 2 2
5 5 6
4 5 7
2 1 7

===== Sample #1 Output =====
0
1
1
0
0

===== Sample #2 Input =====
5 12 10 0
4 2
4 2
5 3
3 3
1 5
1 4
4 4
2 4
5 3
1 5
2 2
4 1
4 3 5
4 2 3
1 4 5
3 1 8
3 1 4
3 5 5
2 1 12
4 10 12
2 5 5
1 1 3

===== Sample #2 Output =====
0
0
1
0
0
0
0
1
0
1

===== Sample #3 Input =====
5 12 10 1
4 2
4 2
5 3
3 3
1 5
1 4
4 4
2 4
5 3
1 5
2 2
4 1
4 3 5
4 2 3
1 4 5
2 0 9
2 0 5
2 4 4
3 0 13
5 11 13
0 7 7
3 3 1
===== Sample #3 Output =====
0
0
1
0
0
0
0
1
0
1

