===== Sample #1 Input =====
3
1 3 2
1 1
1 2

===== Sample #1 Output =====
5

===== Sample #2 Input =====
10
1 1 1 0 5 2 11 12 17 7
1 1
1 2
2 2
1 3
1 1
1 4
1 2
6 7
1 5

===== Sample #2 Output =====
4044

===== Sample #3 Input =====
50
1 0 0 6 2 5 0 2 16 15 14 8 20 22 23 21 7 24 27 17 1 13 39 40 31 38 40 16 25 48 2 0 15 7 0 47 58 11 22 54 11 78 30 32 31 35 44 56 59 85
1 1
2 2
1 2
2 3
3 3
1 6
2 6
3 5
5 9
3 4
1 4
3 12
1 12
5 7
5 13
1 10
7 9
4 11
12 12
16 17
3 9
8 15
15 16
1 19
9 10
10 12
8 10
4 10
6 13
10 13
11 30
11 21
2 30
13 23
4 24
32 34
8 29
4 22
2 26
29 33
28 38
18 31
19 36
15 32
8 14
15 32
4 33
30 45
8 25

===== Sample #3 Output =====
904672069

