===== Sample #1 Input =====
8
1 1
1 3
2 2
2 4
3 1
3 3
4 2
4 4

===== Sample #1 Output =====
DA
1 5
3 7
2 6
4 8
===== Sample #2 Input =====
6
1 2
1 3
2 1
2 4
3 2
3 3

===== Sample #2 Output =====
DA
1 2
3 4
5 6
===== Sample #3 Input =====
2
1 1
2 2

===== Sample #3 Output =====
NE
===== Sample #4 Input =====
20
62488 5330
62488 5027
76436 5027
39827 79374
95732 59715
66222 46366
8346 59715
49581 53207
66222 79374
80123 46366
76436 5330
39590 5690
82990 89723
95732 89723
8346 79295
80123 16069
39827 16069
49581 5690
82990 79295
39590 53207

===== Sample #4 Output =====
DA
3 11
1 2
16 10
6 9
4 17
13 19
15 7
5 14
12 20
8 18
