===== Sample #1 Input =====
5 5
9 3 2 6 5
1 1 3
2 1 5
3 2 5
4 3 3
5 3 5
===== Sample #1 Output =====
21
39
33
9
27
===== Sample #2 Input =====
10 10
3 1 4 1 5 9 2 6 5 3
1 1 6
2 8 10
4 2 7
8 3 3
6 1 10
3 2 8
5 1 9
7 4 5
9 7 9
10 10 10
===== Sample #2 Output =====
28
21
34
4
64
43
55
9
27
9
===== Sample #3 Input =====
10 10
3 1 4 1 5 9 2 6 5 3
1 6 6
2 8 8
4 2 2
8 3 3
6 1 1
3 4 4
5 5 5
7 10 10
9 8 8
10 7 7
===== Sample #3 Output =====
9
9
3
4
3
4
5
9
9
9
===== Sample #4 Input =====
10 10
3 1 4 1 5 9 2 6 5 3
7 1 6
7 8 10
7 2 7
7 3 3
7 1 10
7 2 8
7 1 9
7 4 5
7 7 9
7 10 10
===== Sample #4 Output =====
28
27
34
4
64
43
55
9
27
9
===== Sample #5 Input =====
20 20
2 1 2 2 1 1 1 1 2 2 2 1 2 1 1 2 1 2 1 1
1 1 14
2 3 18
4 10 15
8 2 17
9 20 20
4 8 19
7 2 20
11 1 5
13 2 8
20 1 20
2 12 15
7 1 14
12 7 18
14 2 17
9 19 20
12 12 12
6 2 15
11 2 15
19 12 17
4 1 20
===== Sample #5 Output =====
25
30
12
32
2
24
38
10
14
40
8
28
24
32
4
2
28
28
12
40
