===== Sample #1 Input =====
8 2
5 1 2 3 4 7
5 4 5 6 1 8

===== Sample #1 Output =====
17
r 2 1 2
j 2 3
c 2 1 2
r 6 1 2
j 5 6
c 6 1 2
r 4 1 3
j 4 3
j 4 6
j 4 7
c 4 3 1
r 4 3 1
r 8 1 2
r 1 1 3
j 1 8
j 1 4
c 1 3 2

===== Sample #2 Input =====
15 3
9 1 2 3 4 5 6 7 8 3
7 2 9 10 11 12 13 10
5 2 14 9 15 10

===== Sample #2 Output =====
39
r 7 1 2
r 5 1 2
j 7 8
c 7 1 2
j 5 4
c 5 1 2
r 6 1 3
j 6 7
j 6 5
c 6 3 2
r 3 1 4
j 6 3
c 6 4 1
r 11 1 2
r 13 1 2
j 12 11
j 12 13
c 11 1 2
r 10 1 3
j 12 10
c 10 2 3
r 10 1 2
r 10 4 2
r 15 1 3
j 15 10
c 15 3 3
j 9 10
c 9 1 3
r 9 3 2
r 9 1 4
r 14 1 4
j 9 14
c 9 4 4
r 1 1 4
r 3 1 2
j 2 1
j 2 14
j 2 3
c 2 1 4

