===== Sample #1 Input =====
6 3 8
010000
001000
000100
000010
000000
000001
1 1 1 1
3 3 1 1
1 1 3 3
1 1 1 5
2 1 1 5
1 1 2 5
3 1 3 5
2 6 2 6

===== Sample #1 Output =====
1
0
1
3
2
2
0
5
===== Sample #2 Input =====
6 4 6
001100
001110
101101
010111
110111
000111
3 2 4 3
3 1 4 4
3 4 4 1
3 3 4 3
3 6 4 3
3 1 4 2
===== Sample #2 Output =====
26
49
29
27
18
22
===== Sample #3 Input =====
6 10 5
110101
011001
001111
101111
111010
000001
2 5 2 5
6 1 5 2
3 4 8 3
9 3 3 5
5 1 3 4
===== Sample #3 Output =====
713313311
716721076
782223918
335511486
539247783
