===== Sample #1 Input =====
5 4
3 4 1 1 4
2 5 1 2 1
1 6 3
1 6 4
3 5 1
2 5 9
===== Sample #1 Output =====
-1
29
3
22
===== Sample #2 Input =====
10 10
1 8 9 8 1 5 7 10 6 6
10 10 2 8 10 3 9 8 3 7
2 11 28
5 11 28
7 11 28
1 11 18
3 11 18
8 11 18
4 11 11
6 11 11
10 11 11
9 11 5
===== Sample #2 Output =====
208
112
179
248
158
116
234
162
42
-1
===== Sample #3 Input =====
20 20
2 3 2 11 4 6 9 15 17 14 8 17 3 12 20 4 19 8 4 5
19 3 18 2 13 7 5 19 10 1 12 8 1 15 20 1 13 2 18 6
12 15 67
7 15 18
16 17 14
9 21 97
1 19 43
3 18 31
16 20 70
7 20 28
1 16 61
3 5 69
9 10 15
2 13 134
11 19 23
16 20 14
5 21 16
15 20 11
7 11 54
7 16 16
13 17 10
3 15 135
===== Sample #3 Output =====
151
591
4
284
339
517
35
581
254
58
-1
178
519
-1
-1
-1
219
-1
-1
214
