===== Sample #1 Input =====
3 5 7
1 2 3 5 2
1 1 2 2 4
3 2 3
2 1 3 3
3 1 2
1 2 3 4 2
3 3 2
===== Sample #1 Output =====
2
0
4
===== Sample #2 Input =====
3 4 7
1 1 2 1 1
1 1 3 4 1
2 2 3 1
2 1 3 1
1 1 2 2 1
3 1 1
3 3 2
===== Sample #2 Output =====
4
0
===== Sample #3 Input =====
183326 218318 22
1 106761 160918 151683 574906362
3 68709 1
1 29240 156379 22166 957318472
1 14054 181502 82845 97183925
2 112033 122908 587808357
2 57819 160939 215041262
3 36674 524274467
1 35854 69866 32334 322730299
1 1384 7230 115069 454256926
1 44192 158235 8750 84192710
3 54457 1077490708
2 10592 110384 979714505
2 44594 79244 311724477
3 160965 97183926
1 88748 101697 39148 373927458
3 41166 58039001
1 91501 137591 205480 958877326
2 77775 169655 135756956
1 12497 57047 60918 15666764
1 47839 51716 144688 732270998
3 114514 774994894
3 48645 169986425
===== Sample #3 Output =====
0
22166
32334
0
82845
8750
60918
