===== Sample #1 Input =====
10 0
0 1 2 3
1 2 3 0
2 3 0 1
3 0 1 2
===== Sample #1 Output =====
2 2 3 3
2 1 1 1
1 0 1 1
===== Sample #2 Input =====
100 100
0 1 2 3
1 0 3 2
2 3 0 1
3 2 1 0
===== Sample #2 Output =====
457599333 476580683 403589597 762762658
361221912 612412943 661908092 483645330
242804711 682542199 535167020 465246643
913280460 516845083 917292729 390364642
39265044 919790719 181416471 421087779
530140662 31014314 181416471 226287885
982924733 31014314 851084249 226287885
982924733 938693280 851084249 226287885
982924733 938693280 851084249 435036575
982924733 938693280 851084249 138976409
