===== Sample #1 Input =====
6 6
1 6
1 4
1 2 1
2 3 1
3 5 1
2 4 3
4 5 2
5 6 1
===== Sample #1 Output =====
2
===== Sample #2 Input =====
6 5
1 2
3 6
1 2 1000000000 
2 3 1000000000
3 4 1000000000
4 5 1000000000
5 6 1000000000
===== Sample #2 Output =====
3000000000
===== Sample #3 Input =====
8 8
5 7
6 8
1 2 2
2 3 3
3 4 4
1 4 1
1 5 5
2 6 6
3 7 7
4 8 8
===== Sample #3 Output =====
15
===== Sample #4 Input =====
5 5
1 5
2 3
1 2 1
2 3 10
2 4 10
3 5 10
4 5 10
===== Sample #4 Output =====
0
===== Sample #5 Input =====
10 15
6 8
7 9
2 7 12
8 10 17
1 3 1
3 8 14
5 7 15
2 3 7
1 10 14
3 6 12
1 5 10
8 9 1
2 9 7
1 4 1  
1 8 1
2 4 7
5 6 16
===== Sample #5 Output =====
19
