===== Sample #1 Input =====
4
1 1 1
2 10 5
0 6 9
3 10 4
2
2 3 1 3 10 10 11 11 10 5 7 3 2 3 6 3 2 2 8 2 3 7 2 4 7 11 8 6 9 5 3 7 11 10 10 8 8 5 5 7
1 2 1 2 2 3 6 11 1 1 5 11 5 2 8 6 1 6 9 2 7 11 3 6 9 10 8 2 9 2 9 8 2 11 3 9 4 11 2 5

===== Sample #1 Output =====
0 0
11 6
0 0

6 9
0 0
0 0

0 0
0 0
10 4


0 0
0 0
15 10

0 0
0 0
125 85

30 66
100 78
0 0



===== Sample #2 Input =====
10
3 5 8
1 4 6
6 8 10
9 7 5
7 6 2
4 9 1
8 8 5
0 3 5
2 6 2
5 10 3
10
4 8 8 9 5 8 3 6 7 7 10 11 10 9 10 3 5 11 3 4 10 3 8 1 3 8 4 11 3 11 5 6 2 5 11 9 6 6 2 1
4 6 5 6 1 2 1 7 10 7 9 11 11 10 10 5 3 2 2 8 2 1 6 1 9 6 6 5 9 4 6 7 2 7 5 4 3 8 1 6
1 5 6 9 7 3 9 2 5 3 2 10 6 11 5 10 5 9 8 5 11 3 3 5 5 10 2 6 2 5 8 4 5 6 10 2 10 11 1 7
3 4 3 9 9 7 1 3 8 4 2 10 5 8 11 3 4 2 1 7 3 9 8 5 4 4 6 6 8 11 11 1 4 7 2 3 2 2 3 10
6 9 2 7 4 6 1 5 6 7 2 4 2 3 11 10 1 10 1 4 10 6 8 3 3 8 1 1 11 2 8 5 5 9 4 11 5 5 9 8
5 7 5 8 10 11 9 8 10 4 1 7 7 1 5 2 10 6 4 5 4 2 1 10 1 3 5 11 1 6 2 1 6 1 6 10 11 10 1 8
3 6 1 6 10 11 9 3 7 3 9 6 1 9 11 6 7 6 3 9 4 11 4 7 2 4 5 5 5 3 4 11 3 4 4 4 6 4 1 9
6 8 2 6 11 5 7 6 6 5 7 5 9 10 6 11 4 4 2 7 2 11 4 9 3 8 7 9 3 3 5 10 2 9 9 4 7 9 7 11
2 5 1 4 5 6 7 1 2 1 1 9 6 10 6 6 1 9 5 10 7 1 8 10 1 4 4 3 9 11 11 6 9 6 8 2 8 10 11 7
6 7 3 6 11 11 11 3 6 6 9 7 6 7 2 5 3 1 8 8 1 9 4 10 9 11 6 4 2 11 10 8 3 6 6 5 11 3 11 8

===== Sample #2 Output =====
17 24
0 0
7 5

18 8
8 5
0 0

16 5
0 0
0 0


157 111
0 0
235 169

40 42
63 68
0 0

126 60
0 0
147 95


215 530
0 0
0 0

2324 2024
2479 1783
0 0

1578 1592
837 509
194 446


0 0
7116 10231
7239 9388

4607 8460
0 0
0 0

6944 6628
64844 45048
0 0


72300 52348
265311 254999
50596 23640

0 0
279180 126900
244936 114292

35348 63827
0 0
0 0


172112 792956
2447373 1106786
929486 443832

1119770 935959
0 0
0 0

1649144 359228
0 0
3553200 2614140


0 0
6950234 5535094
22444890 7998435

0 0
10443636 7892656
71682584 26662760

8776334 5075523
11841632 7740868
0 0


0 0
134875573 343366288
91300520 125610782

59108239 90936089
21697728 43262120
0 0

228318480 448464600
0 0
128593760 97023136


0 0
0 0
2054901740 1978497310

0 0
72853820 66252472
1991063770 2020209575

600177312 754769101
3803713784 3298681920
1004356824 1001672808


3063260331 3299980482
4100473464 1966207784
3031825976 3091919392

0 0
325795536 455181888
0 0

2133373140 3095093880
3643561634 2339855333
576229212 1245355280



