===== Sample #1 Input =====
3 3 1 1
1 2 3
8 9 4
7 6 5
===== Sample #1 Output =====
1 8
===== Sample #2 Input =====
3 3 2 3
1 2 3
2 2 4
1 2 2
===== Sample #2 Output =====
5 4
===== Sample #3 Input =====
4 4 2 3
5 9 6 2
4 2 3 6
7 2 5 2
4 2 3 9
===== Sample #3 Output =====
7 25
===== Sample #4 Input =====
10 10 3 3
9 13 7 7 3 8 6 5 12 8
1 4 10 11 9 10 13 6 2 18
3 3 19 6 14 2 19 10 2 16
3 1 11 14 14 18 8 8 16 14
13 5 7 4 11 17 3 16 10 20
10 16 12 19 14 12 11 20 15 10
10 15 5 1 16 2 7 5 14 5
3 19 12 19 8 13 17 7 10 13
2 10 17 6 8 11 8 7 1 4
3 7 8 1 3 5 4 11 9 17
===== Sample #4 Output =====
36 254
