===== Sample #1 Input =====
0
9 3
6 9 8 4 3 2 1
2 7 5
1 6

===== Sample #1 Output =====
YES
4
1
1
1
1
1
2
3
-1
-1

===== Sample #2 Input =====
0
13 4
4 13 10 1 7
3 11 4 8
4 6 5 3 2
2 12 9

===== Sample #2 Output =====
YES
10
2
2
2
3
3
3
1
1
3
6
7
8
-1

===== Sample #3 Input =====
0
5 1
5 5 4 3 2 1

===== Sample #3 Output =====
YES
0
-1
-1
-1
-1
-1

===== Sample #4 Input =====
0
17 10
2 12 14
1 3
3 1 13 15
0
2 9 8
1 5
3 16 7 6
2 11 2
1 4
2 17 10

===== Sample #4 Output =====
YES
14
4
1
1
1
1
1
1
1
1
2
3
4
3
1
2
4
-1
===== Sample #5 Input =====
0
13 4
4 10 1 13 7
4 11 12 4 8
4 6 5 3 2
1 9

===== Sample #5 Output =====
NO
-1
2
2
3
3
3
1
1
-1
-1
6
5
-1

