===== Sample #1 Input =====
10 19
9 1 -4
9 8 2
8 10 5
9 7 -3
1 4 2
10 2 5
10 5 -1
7 3 -3
10 6 5
8 10
4 6
1 7
7 9
5 5
7 8
8 10
10 10
10 10
9 10
5 7
8 8
6 6
2 8
9 10
4 8
5 5
1 6
1 2

===== Sample #1 Output =====
3
4
7
3
1
3
3
1
1
2
5
1
1
8
2
7
1
6
2

===== Sample #2 Input =====
10 19
6 1 299830931
1 4 -565297395
1 7 -606073228
4 8 94253706
8 9 -576603423
4 3 116780102
3 5 620388954
7 10 -950023905
5 2 813045783
3 5
7 7
8 10
4 7
10 10
9 9
4 7
8 10
6 7
4 8
9 10
2 9
8 10
2 8
4 4
10 10
4 9
1 5
8 9

===== Sample #2 Output =====
3
1
4
5
1
1
5
4
3
6
3
9
4
8
1
1
7
5
2

