===== Sample #1 Input =====
5
9 9
19 99 63 39 72 46 97 38 68 
0 6 4 0 7 1 0 3 6 
6 8
88 62 48 50 8 47 
0 6 1 5 2 2 6 1 
6 5
33 3 54 17 26 64 
87 89 92 70 59 
18 19
71 52 77 38 12 34 82 14 57 39 91 7 56 86 35 68 38 14 
9 9 1 5 1 3 4 5 6 1 6 0 3 0 2 1 3 5 8 
10 15
4 77 78 76 5 19 98 94 77 81 
17 43 4 86 2 91 85 4 81 74 44 16 21 69 32 

===== Sample #1 Output =====
1 2 2 1 2 2 1 2 2
1 1 1 1 1 1 1 1
6 6 6 6 6
4 4 1 3 1 2 2 3 3 1 3 1 2 1 1 1 2 3 4
7 7 2 10 2 10 10 2 10 10 7 7 7 10 7

===== Sample #2 Input =====
1
5 1
20 0 0 0 0
5
===== Sample #2 Output =====
5
