===== Sample #1 Input =====
3
7 6
8 6 0 6 1 1 10 
5 6 2 9 1 2 7 
1 2
2 3
3 4
4 5
5 6
6 7
7 6
8 6 0 6 1 0 11 
5 6 2 9 1 2 7 
1 2
2 3
3 4
4 5
5 6
6 7
7 6
8 6 0 6 1 1 10 
5 6 2 9 1 2 6 
1 2
2 3
3 4
4 5
5 6
6 7
===== Sample #1 Output =====
Yes
5
7 6 5 -3
6 5 4 -5
5 4 3 -7
4 3 2 -6
3 2 1 -3
No
No

===== Sample #2 Input =====
2
6 6
10 -3 4 21 -2 11 
4 4 8 8 8 9 
1 2
2 3
3 4
4 5
5 6
6 1
6 6
10 -3 4 21 -2 11 
4 4 8 8 9 8 
1 2
2 3
3 4
4 5
5 6
6 1
===== Sample #2 Output =====
Yes
6
6 1 2 6
1 2 3 1
2 3 4 3
3 4 5 9
4 5 6 2
5 6 1 5
No

===== Sample #3 Input =====
1
6 9
7 5 68 16 2 45
42 11 42 17 14 17
1 3
1 4
1 6
1 5
1 2
2 5
2 3
4 6
5 6
===== Sample #3 Output =====
Yes
10
1 4 6 1
1 6 4 -6
2 1 4 -9
1 3 2 -17
5 1 4 25
2 1 6 32
1 6 5 33
4 1 3 39
4 6 5 -46
3 1 6 -99

