===== Sample #1 Input =====
3 3
1 1 1
1 1 1
1 1 1
1 1 1 1 1 1 1 1 1

===== Sample #1 Output =====
1 2 3
4 6 7
5 8 9

===== Sample #2 Input =====
3 3
1 2 3
2 2 1
3 1 3
1 3 3 2 1 2 2 3 1

===== Sample #2 Output =====
1 4 2
6 7 5
3 9 8

===== Sample #3 Input =====
10 10
4 9 3 9 3 6 4 8 7 7 
7 5 3 8 7 10 10 8 7 10 
10 9 3 10 3 3 3 2 3 8 
9 6 3 1 10 10 3 4 2 6 
10 5 9 9 5 7 7 6 2 7 
1 1 6 3 2 10 10 7 6 7 
1 7 10 7 3 10 3 9 10 9 
1 5 1 2 2 4 4 9 10 8 
6 3 7 1 5 8 10 4 10 7 
5 4 8 3 3 9 2 6 8 2 
6 6 6 1 10 8 5 5 4 2 1 5 5 9 4 3 4 6 3 5 9 7 4 8 9 3 5 9 1 7 4 1 1 2 2 6 7 10 6 2 6 6 1 8 4 7 7 10 3 1 9 8 10 9 4 7 9 10 2 3 3 3 2 7 2 9 7 7 3 8 8 9 3 2 10 9 10 7 8 10 8 3 7 7 3 3 7 3 7 3 3 10 3 10 10 10 10 10 10 10 

===== Sample #3 Output =====
9 14 16 28 49 1 15 24 37 46
22 12 26 79 84 94 92 70 56 53
5 21 61 80 85 93 91 63 62 6
25 18 60 50 58 95 90 23 34 3
38 13 51 54 20 87 89 39 59 64
29 32 36 69 74 97 96 78 42 67
11 30 48 68 86 98 88 76 77 72
4 8 33 40 35 31 45 57 99 81
2 19 47 43 27 71 75 55 100 83
7 17 52 73 82 66 65 41 44 10

