===== Sample #1 Input =====
4
14
9
8
12
6
2
3
5
7
11
13

===== Sample #1 Output =====
7
9
1
1
1
3

===== Sample #2 Input =====
13
1
4
1
4
2
1
3
5
6
2
3
7
3
8
2
10
11
13
15
17
18
20

===== Sample #2 Output =====
1
1
1
1
5
3
1
3

===== Sample #3 Input =====
16
536870912
402653184
536870912
536870912
134217728
536870912
671088640
536870912
536870912
536870912
939524096
805306368
536870912
956301312
536870912
536870912
5
2500000000
3355443201
4294967296
5111111111
6190792704

===== Sample #3 Output =====
5
1
7
57
1

