===== Sample #1 Input =====
3 3
1 2
2 3
3 1
===== Sample #1 Output =====
1 2 3
===== Sample #2 Input =====
4 6
1 3
1 4
2 1
2 3
3 4
4 2
===== Sample #2 Output =====
1 3 4 2
===== Sample #3 Input =====
5 8
1 2
2 3
3 4
4 1
2 5
4 5
5 1
5 3
===== Sample #3 Output =====
1 2 3 4 5
1 2 5 3 4
===== Sample #4 Input =====
5 10
1 2
1 3
2 3
2 4
3 4
3 5
4 1
4 5
5 1
5 2
===== Sample #4 Output =====
1 2 3 4 5
1 3 5 2 4
===== Sample #5 Input =====
6 15
1 3
1 4
1 5
2 1
2 3
2 4
3 1
3 4
4 2
4 6
5 2
5 3
6 1
6 2
6 3
===== Sample #5 Output =====
1 5 2 3 4 6
1 5 2 4 6 3
1 5 3 4 6 2
===== Sample #6 Input =====
6 15
1 3
1 5
2 1
2 4
3 1
3 2
3 4
3 5
3 6
4 6
5 1
5 4
5 6
6 3
6 5
===== Sample #6 Output =====
1 3 2 4 6 5
1 5 4 6 3 2
===== Sample #7 Input =====
6 16
1 3
1 6
2 3
2 4
2 6
3 1
3 6
4 2
4 3
4 5
4 6
5 2
5 6
6 1
6 3
6 5
===== Sample #7 Output =====
1 6 5 2 4 3
===== Sample #8 Input =====
6 21
1 2
1 5
1 6
2 1
2 3
2 4
2 5
3 1
3 2
3 4
3 6
4 1
4 2
4 6
5 1
5 2
5 4
5 6
6 2
6 3
6 4
===== Sample #8 Output =====
1 2 5 4 6 3
1 2 5 6 3 4
1 5 2 3 6 4
1 5 2 4 6 3
1 5 4 6 2 3
1 5 4 6 3 2
1 5 6 2 3 4
1 5 6 3 2 4
1 5 6 3 4 2
1 5 6 4 2 3
1 6 3 2 5 4
1 6 3 4 2 5
