===== Sample #1 Input =====
8 8 5 5
1 1 5 1 5 4 5 3
2 1 2 2 5 4 3 2
1 4 1 4 2 1 5 4
2 1 5 5 2 1 4 4
2 3 5 2 3 4 2 2
4 2 4 3 3 2 4 5
1 3 4 3 5 2 4 3
3 4 2 5 2 1 1 2
0 0 0 0 0 0 0 0
2 0 0 0 0 0 0 0
0 0 0 0 5 0 0 0
0 0 0 0 0 0 0 0
0 0 0 0 0 0 0 0
0 0 0 6 0 0 3 1
0 0 0 0 3 0 0 0
0 0 0 0 0 0 1 4
3 2 4 2
5 4 5 5
7 2 7 3
8 5 8 6
6 7 6 8

===== Sample #1 Output =====
11692

===== Sample #2 Input =====
8 8 5 8
1 1 5 1 5 4 5 3
2 1 2 2 5 4 3 2
1 4 1 4 2 1 5 4
2 1 5 5 2 1 4 4
2 3 5 2 3 4 2 2
4 2 4 3 3 2 4 5
1 3 4 3 5 2 4 3
3 4 2 5 2 1 1 2
0 0 0 0 0 0 0 0
2 0 0 0 0 0 0 0
0 0 0 0 5 0 0 0
0 0 0 0 0 0 0 0
0 0 0 0 0 0 0 0
0 0 0 6 0 0 3 1
0 0 0 0 3 0 0 0
0 0 0 0 0 0 0 0
1 1 2 2
3 2 4 2
3 2 3 3
4 2 4 3
5 4 5 5
7 2 7 3
8 5 8 6
6 7 6 8

===== Sample #2 Output =====
684

===== Sample #3 Input =====
5 5 2 1
1 1 2 1 1
1 1 2 1 1
2 2 1 2 2
1 1 2 1 1
1 1 2 1 1
0 0 0 0 0
0 0 0 0 0
0 0 0 0 0
0 0 0 0 0
0 0 0 0 0
3 3 4 3

===== Sample #3 Output =====
3023

