===== Sample #1 Input =====
12 11
1 1 1 1 1 1 1 1 1 1 1
1 1 1 1 0 0 0 1 1 1 1
1 1 1 0 0 0 0 0 1 1 1
1 1 0 0 0 0 0 0 0 1 1
1 0 0 0 2 2 2 0 0 0 1
1 0 0 0 2 2 2 0 0 0 1
1 0 0 0 2 2 2 0 0 0 1
1 0 0 0 0 0 0 0 0 0 1
1 1 0 0 0 2 0 0 0 1 1
0 1 1 0 0 2 0 0 1 1 0
0 0 1 1 0 0 0 1 1 0 0
0 0 0 1 1 1 1 1 0 0 0
2
5 5 3
6 2 4
===== Sample #1 Output =====
1 1 1 1 1 1 1 1 1 1 1
1 1 1 1 4 4 4 1 1 1 1
1 1 1 4 4 4 4 4 1 1 1
1 1 4 4 4 4 4 4 4 1 1
1 4 4 4 3 3 3 4 4 4 1
1 4 4 4 3 3 3 4 4 4 1
1 4 4 4 3 3 3 4 4 4 1
1 4 4 4 4 4 4 4 4 4 1
1 1 4 4 4 2 4 4 4 1 1
0 1 1 4 4 2 4 4 1 1 0
0 0 1 1 4 4 4 1 1 0 0
0 0 0 1 1 1 1 1 0 0 0
===== Sample #2 Input =====
4 4
1 0 1 3
1 3 2 2
3 3 1 2
2 2 1 3
3
1 2 3
3 2 1
4 2 3
===== Sample #2 Output =====
1 1 1 3
1 1 2 2
1 1 1 2
3 3 1 3
===== Sample #3 Input =====
6 6
1 2 1 2 2 2
3 1 2 1 3 1
3 3 2 3 2 2
2 3 1 3 3 2
3 3 3 3 3 3
2 3 2 2 2 1
4
6 2 2
3 5 2
3 2 3
1 2 3
===== Sample #3 Output =====
1 3 1 2 2 2
3 1 3 1 3 1
3 3 3 3 3 3
3 3 1 3 3 3
3 3 3 3 3 3
3 3 3 3 3 1
