===== Sample #1 Input =====
4 4
1 2 1
1 3 2
2 4 4
3 4 3

===== Sample #1 Output =====
0

===== Sample #2 Input =====
4 4
1 2 1
1 3 3
2 4 4
3 4 3

===== Sample #2 Output =====
1

===== Sample #3 Input =====
3 4
1 2 1
1 2 2
1 3 3
1 3 3

===== Sample #3 Output =====
0

===== Sample #4 Input =====
4 5
1 2 1
1 3 2
2 4 4
3 4 3
2 3 1

===== Sample #4 Output =====
1

===== Sample #5 Input =====
12 17
2 4 656247308
4 6 106088453
1 5 754343261
9 12 497827261
3 8 759830309
3 4 61084725
1 6 324702188
3 6 415317430
7 12 846175092
5 8 278621369
1 10 891247646
10 12 755236904
6 8 511967203
5 6 597197970
1 7 800309458
7 9 348347831
10 11 134217757

===== Sample #5 Output =====
0

