===== Sample #1 Input =====
4 5
2 3
1 1
2 4
0 0
1 3 4 5
1 4 2 4
2 3 1 2
4 4 3 0
1 3 2 5
===== Sample #1 Output =====
5
1
0
1
1
===== Sample #2 Input =====
10 10
6 6
4 10
2 5
1 7
3 4
5 7
4 10
1 7
1 3
2 5
8 8 5 1
4 7 5 3
5 9 4 4
1 5 5 2
6 2 10 2
3 3 7 4
1 10 1 2
6 2 4 4
9 2 1 4
9 10 3 2
===== Sample #2 Output =====
0
17
2
0
0
46
0
12
23
1
===== Sample #3 Input =====
10 10
2 6
6 9
5 7
3 9
0 0
0 0
3 5
5 5
3 6
1 10
5 9 6 3
10 8 6 4
10 8 5 1
8 6 5 4
7 2 5 4
6 1 5 3
10 4 5 1
5 5 6 0
7 9 6 4
4 9 6 2
===== Sample #3 Output =====
0
17
1
0
0
0
1
1
4
1
