===== Sample #1 Input =====
3 3
65 -6 -11
15 65 32
-8 5 66
4 1 6
7 3 11
23 21 22
5 25 22
26 1 1 13
16 3 3 4
6 3 1 2
===== Sample #1 Output =====
123
===== Sample #2 Input =====
6 6
72 2 -7 1 43 -12
74 74 -14 35 5 3
31 71 -12 70 38 66
40 -6 8 52 3 78
50 11 62 20 -6 61
76 55 67 28 -19 68
25 4 5 8 30 5
9 20 29 20 6 18
3 19 20 11 5 15
10 3 19 23 6 24
27 8 16 10 5 22
28 14 1 5 1 24
2 13 15 17 23 28
24 11 27 16 12 13 27
19 15 21 6 21 11 5
2 3 1 11 10 20 9
8 28 1 21 9 5 7
16 20 26 2 22 5 12
30 27 16 26 9 6 23
===== Sample #2 Output =====
870
