===== Sample #1 Input =====
4
1 2 
1 3 
2 4 
6 -2 4 -7 
===== Sample #1 Output =====
5
===== Sample #2 Input =====
10
1 2
1 3
2 4
2 5
3 6
3 7
4 8
4 9
4 10
-3 9 4 -3 -2 5 -1 -3 -9 7
===== Sample #2 Output =====
42
===== Sample #3 Input =====
20
1 2
1 3
2 4
2 5
3 6
3 7
4 8
4 9
4 10
6 11
6 12
7 13
7 14
7 15
7 16
8 17
9 18
11 19
15 20
1 2 -1 -4 9 -3 -5 8 9 -10 -13 15 11 -6 17 -1 -19 20 -5 -9
===== Sample #3 Output =====
266
===== Sample #4 Input =====
6
1 2
1 3
1 4
2 5
2 6
-1 5 -3 -4 -5 -7
===== Sample #4 Output =====
-10
