===== Sample #1 Input =====
9 11
4
2 2 1 1
4
2 2 2 2
4
2 1 1 2
7
5 5 4 4 4 5 5
7
1 3 2 2 2 2 4
7
3 3 2 4 4 5 3
8
2 2 3 5 3 3 3 4
8
5 4 4 4 4 6 6 5
8
4 4 4 2 4 4 2 3
9
4 7 5 5 5 5 3 4 4
9
3 4 4 4 4 4 4 4 6
===== Sample #1 Output =====
1 2 4 3
2 1 4 3
1 3 2 4
3 1 7 2 6 4 5
3 1 6 4 2 5 7
2 3 1 6 4 7 5
5 6 3 1 7 4 2 8
1 8 2 7 3 5 6 4
6 3 2 7 4 5 1 8
5 8 6 3 7 1 9 2 4
2 9 3 1 8 5 7 6 4
===== Sample #2 Input =====
5 1
4
2 2 1 1
1011
0111
1011
1001
1010
===== Sample #2 Output =====
1 2 4 3
===== Sample #3 Input =====
6 1
4
2 2 1 1
1011
===== Sample #3 Output =====
1 2 4 3
