===== Sample #1 Input =====
5 5
1 2
1 3
3 4
3 5
4 5
===== Sample #1 Output =====
4
===== Sample #2 Input =====
5 1
1 2
===== Sample #2 Output =====
-1
===== Sample #3 Input =====
4 3
1 2
1 3
2 3
===== Sample #3 Output =====
3
===== Sample #4 Input =====
10 39
7 2
7 1
5 6
5 8
9 10
2 8
8 7
3 10
10 1
8 10
2 3
7 4
3 9
4 10
3 4
6 1
6 7
9 5
9 7
6 9
9 4
4 6
7 5
8 3
2 5
9 2
10 7
8 6
8 9
7 3
5 3
4 5
6 3
2 10
5 10
4 2
6 2
8 4
10 6
===== Sample #4 Output =====
21
