===== Sample #1 Input =====
2 2
0 10
0 -1
4
1 1
1 2
2 1
2 2
===== Sample #1 Output =====
0
0
10
19
===== Sample #2 Input =====
3 3
1 10 100
1000 10000 100000
9
1 1
1 2
1 3
2 1
2 2
2 3
3 1
3 2
3 3
===== Sample #2 Output =====
1001
11002
111003
2011
22022
222033
3111
33222
333333
===== Sample #3 Input =====
10 8
2 -4 0 0 -1 4 5 0 -3 0
2 0 0 -3 -5 -5 -4 -4
10
2 6
1 4
1 2
5 7
1 5
7 6
7 4
1 5
3 5
10 7
===== Sample #3 Output =====
8
8
6
8
8
34
34
8
8
36
