===== Sample #1 Input =====
3
4 1
5 3
3 1
1 2 3 4
3
5 4
4 3
2 3
===== Sample #1 Output =====
0
1
2
===== Sample #2 Input =====
5
7 1
9 7
13 13
11 8
12 9
16 7 8 6 9 11
7
6 11
7 10
9 3
12 9
18 16
8 9
10 15
===== Sample #2 Output =====
4
3
3
1
-1
3
2
===== Sample #3 Input =====
9
89 67
37 14
6 1
42 25
61 22
23 1
63 60
93 62
14 2
67 96 26 17 1 62 56 92 13 38
11
93 97
17 93
61 57
88 62
98 29
49 1
5 1
1 77
34 1
63 27
22 66
===== Sample #3 Output =====
7
9
8
7
7
9
9
10
9
7
9
