===== Sample #1 Input =====
2
0 0 0
1 2 3
===== Sample #1 Output =====
9
===== Sample #2 Input =====
3
0 0 0
1 1 1
-1 -1 -1
===== Sample #2 Output =====
10
===== Sample #3 Input =====
17
14142 13562 373095
-17320 508075 68877
223606 -79774 9979
-24494 -89742 783178
26457 513110 -64591
-282842 7124 -74619
31622 -77660 -168379
-33166 -24790 -3554
346410 16151 37755
-36055 51275 463989
37416 -573867 73941
-3872 -983346 207417
412310 56256 -17661
-42426 40687 -119285
43588 -989435 -40674
-447213 -59549 -99579
45825 7569 45584
===== Sample #3 Output =====
6519344
