===== Sample #1 Input =====
2 2 1
1 2
1 2
===== Sample #1 Output =====
0
3
===== Sample #2 Input =====
3 2 3
6 2
5 3
1 4
===== Sample #2 Output =====
0
6
13
===== Sample #3 Input =====
10 15 45
129 82 26 185 217 258 22 192 24 117 167 255 91 180 203
171 73 168 26 208 169 115 164 121 214 154 196 172 66 230
185 178 241 220 243 143 111 124 10 62 56 117 254 43 81
201 74 213 163 204 35 44 203 207 73 218 60 243 51 250
229 117 212 245 112 152 206 96 266 165 105 94 231 41 27
261 201 258 111 100 72 239 31 199 203 226 151 72 268 44
94 19 47 243 133 174 141 82 190 62 175 256 126 123 210
186 64 73 82 68 183 261 120 265 212 18 24 36 152 92
205 101 186 91 172 153 91 242 141 97 247 193 45 245 66
225 97 162 213 61 219 184 195 80 203 79 72 269 258 199
===== Sample #3 Output =====
0
248044096
333666695
536381826
8787512
11659012
661959013
166067001
529828166
526544756
