===== Sample #1 Input =====
3 1
0 3 5
0 1 0
===== Sample #1 Output =====
1
===== Sample #2 Input =====
5 2
0 0 1 7 0
0 3 2 0 0
1 0 4 0 0
===== Sample #2 Output =====
2
===== Sample #3 Input =====
12 10
0 2 4 4 1 5 6 8 0 9 18 19
1 2 4 3 4 0 6 10 9 18 5 7
0 3 0 1 1 4 11 13 9 19 9 10
1 2 4 1 5 8 1 6 15 0 11 1
0 2 0 6 9 3 13 14 16 9 14 14
1 3 2 5 6 1 9 7 1 7 6 22
0 0 4 5 2 3 8 3 13 14 17 4
0 3 3 4 0 7 0 9 14 2 17 14
0 2 4 1 3 3 3 14 17 6 15 13
0 0 1 0 1 0 4 5 9 4 17 17
1 2 1 3 5 7 0 13 7 6 1 0
===== Sample #3 Output =====
9
