===== Sample #1 Input =====
5
10001
11011
11111
10101
10001
01110
11011
10000
11011
01110
11110
00011
01110
11000
11111
11110
00011
01110
00011
11110
===== Sample #1 Output =====
19
0 1 2 3 0 4 5 0 3 3 6 0 0 0 3 7 7 0 3 3 0 7 0 8 0 0 5 9 0 0 0 5 0 0 0 0 0 0 0 0 0 0 0 0 0 0 7 0 0 0 0 0 9 10 0 0 0 0 10 0 0 0 0 0 0 0 0 0 0 0 0 0 0 0 0 0 9 9 0 0 0 9 0 0 0 0 0 0 0 0 0 0 0 0 0 0 0 0 0 0 0 11 12 12 0 13 0 0 12 14 0 0 0 0 14 0 0 0 14 14 0 0 0 14 0
15 0 0 0 3 14 0 0 0 3 0 0 0 0 9 16 0 0 9 9 0 0 0 17 0 0 0 0 0 0 14 0 10 0 3 14 0 10 0 9 0 0 0 18 0 0 0 0 0 0 0 0 0 0 3 0 0 12 0 3 14 0 12 0 9 0 0 0 0 0 0 0 0 0 0 0 0 0 0 3 0 0 12 0 0 14 0 7 0 0 0 7 7 0 5 0 19 0 0 0 0 0 0 0 0 0 0 0 0 0 0 0 0 0 5 0 7 0 0 5 0 0 0 0 0
