===== Sample #1 Input =====
6 5
2 0
2 2
3 4
0 0
5 5
8 3
===== Sample #1 Output =====
9
1 2
1 3
1 4
2 3
2 4
2 5
3 4
3 5
5 6
===== Sample #2 Input =====
2 1414213562
0 0
1000000000 1000000000
===== Sample #2 Output =====
0
===== Sample #3 Input =====
10 150
300 300
300 400
300 500
400 300
400 400
400 400
400 500
500 300
500 400
500 500
===== Sample #3 Output =====
29
1 2
1 4
1 5
1 6
2 3
2 4
2 5
2 6
2 7
3 5
3 6
3 7
4 5
4 6
4 8
4 9
5 6
5 7
5 8
5 9
5 10
6 7
6 8
6 9
6 10
7 9
7 10
8 9
9 10
