===== Sample #1 Input =====
4 3
0 0
1 1
3 3
2 2
===== Sample #1 Output =====
2
2
===== Sample #2 Input =====
4 2
1 1000
10 100
100 10
1000 1
===== Sample #2 Output =====
90
1
===== Sample #3 Input =====
3 1
1 1
2 2
3 3
===== Sample #3 Output =====
0
3
===== Sample #4 Input =====
40 18
0 0
0 0
0 0
0 0
3000 3000
3000 3000
3000 3000
3000 3000
3000 3000
3000 3000
3000 3000
3000 3000
3000 3000
3000 3000
3000 3000
3000 3000
3000 3000
3000 3000
3000 3000
3000 3000
3000 3000
3000 3000
3000 3000
3000 3000
3000 3000
3000 3000
3000 3000
3000 3000
3000 3000
3000 3000
3000 3000
3000 3000
3000 3000
3000 3000
3000 3000
3000 3000
3000 3000
3000 3000
3000 3000
3000 3000
===== Sample #4 Output =====
0
75135237
