===== Sample #1 Input =====
1 2 1
2 4 4
3 2 1
7 6 7
5 2 3
===== Sample #1 Output =====
18
===== Sample #2 Input =====
3 3 2
16 17 1
2 7 5
2 16 12
17 7 7
13 2 10
12 18 3
16 15 19
5 6 2
===== Sample #2 Output =====
110
===== Sample #3 Input =====
6 2 4
33189 87907 277349742
71616 46764 575306520
8801 53151 327161251
58589 4337 796697686
66854 17565 289910583
50598 35195 478112689
13919 88414 103962455
7953 69657 699253752
44255 98144 468443709
2332 42580 752437097
39752 19060 845062869
60126 74101 382963164
===== Sample #3 Output =====
3093929975
