===== Sample #1 Input =====
3
3 1 2
9 3 5
8 6 4
9 4 6
===== Sample #1 Output =====
6
===== Sample #2 Input =====
6
2 6 5 3 4 1
10 8 16
30 2 10
10 17 8
11 27 22
8 6 5
15 29 2
===== Sample #2 Output =====
15
===== Sample #3 Input =====
9
3 8 4 7 6 9 1 5 2
7976 3696 9706
768 8807 8521
1133 8683 7120
1189 3331 2259
900 7451 1159
6126 2639 7107
5540 8253 2891
8417 4220 9091
8732 1417 1540
===== Sample #3 Output =====
15865
===== Sample #4 Input =====
12
11 9 1 12 2 7 3 5 10 4 6 8
3960 3158 9029
6521 6597 7581
5688 2299 2123
4946 4298 9122
394 4350 9142
3098 7151 2039
8525 3758 6155
6970 3658 9353
9780 1778 3608
6065 5562 923
9701 5524 6482
9395 6016 705
===== Sample #4 Output =====
20637
