===== Sample #1 Input =====
4 6
1 2 100
3 1 100
2 4 100
4 3 100
1 4 100
3 2 100
===== Sample #1 Output =====
200
===== Sample #2 Input =====
2 1
1 2 1
===== Sample #2 Output =====
0
===== Sample #3 Input =====
15 22
8 13 33418
14 15 55849
7 10 15207
4 6 64328
6 9 86902
15 7 46978
8 14 53526
1 2 8720
14 12 37748
8 3 61543
6 5 32425
4 11 20932
3 12 55123
8 2 45333
9 12 77796
3 9 71922
12 15 70793
2 4 25485
11 6 1436
2 7 81563
7 11 97843
3 1 40491
===== Sample #3 Output =====
133677
