===== Sample #1 Input =====
3 2 1
1 2 1 2
1 3 2 4
1 11
1 2
2 5
===== Sample #1 Output =====
2
14
===== Sample #2 Input =====
4 4 1
1 2 1 5
1 3 4 4
2 4 2 2
3 4 1 1
3 1
3 1
5 2
6 4
===== Sample #2 Output =====
5
5
7
===== Sample #3 Input =====
6 5 1
1 2 1 1
1 3 2 1
2 4 5 1
3 5 11 1
1 6 50 1
1 10000
1 3000
1 700
1 100
1 1
100 1
===== Sample #3 Output =====
1
9003
14606
16510
16576
===== Sample #4 Input =====
4 6 1000000000
1 2 50 1
1 3 50 5
1 4 50 7
2 3 50 2
2 4 50 4
3 4 50 3
10 2
4 4
5 5
7 7
===== Sample #4 Output =====
1
3
5
===== Sample #5 Input =====
2 1 0
1 2 1 1
1 1000000000
1 1
===== Sample #5 Output =====
1000000001
