===== Sample #1 Input =====
abaaba
6 10
===== Sample #1 Output =====
3 2 0 0 0 0 0 0 0 0 0 0 0 0 0 0 0 0 0 0 0 0 0 0 0 0
===== Sample #2 Input =====
xx
1 1000000000000000000
===== Sample #2 Output =====
0 0 0 0 0 0 0 0 0 0 0 0 0 0 0 0 0 0 0 0 0 0 0 1000000000000000000 0 0
===== Sample #3 Input =====
vgxgpuamkvgxgvgxgpuamkvgxg
1 1000000000000000000
===== Sample #3 Output =====
87167725689669676 0 0 0 0 0 282080685775825810 0 0 0 87167725689669676 0 87167725689669676 0 0 87167725689669676 0 0 0 0 87167725689669676 141040342887912905 0 141040342887912905 0 0
