===== Sample #1 Input =====
3
1 1 2 2
2 1 2 2
2 1 1 1
===== Sample #1 Output =====
3
===== Sample #2 Input =====
5
2 2 2 2
2 2 2 2
2 2 2 2
2 2 2 2
2 2 2 2
===== Sample #2 Output =====
0
===== Sample #3 Input =====
8
1 1 2 2
2 2 2 1
1 1 2 1
1 1 2 2
2 1 1 1
1 2 1 2
2 1 1 2
2 1 2 1
===== Sample #3 Output =====
20
===== Sample #4 Input =====
20
2 1 2 1
2 1 1 1
1 2 1 1
2 2 1 2
2 2 2 1
1 1 2 1
1 2 2 2
2 2 2 1
1 1 1 2
1 2 1 2
1 2 2 2
2 1 1 2
2 1 1 1
1 2 1 2
1 2 1 2
1 1 1 2
1 1 2 1
2 2 1 1
1 2 2 2
2 1 1 2
===== Sample #4 Output =====
138
