===== Sample #1 Input =====
5 2 1
2
3
1
2
1
===== Sample #1 Output =====
6
===== Sample #2 Input =====
3 2 3
1 2 3
1 2 3
1 2 3
===== Sample #2 Output =====
126
===== Sample #3 Input =====
10 4 1
8
10
10
1
5
9
5
5
9
1
===== Sample #3 Output =====
45
===== Sample #4 Input =====
10 5 10
79 48 35 56 16 26 37 6 75 23
39 99 57 100 49 90 18 9 12 91
29 97 49 86 30 94 78 63 49 22
100 27 48 91 66 14 6 20 23 84
12 60 99 75 88 95 61 58 20 46
10 11 30 38 55 94 9 52 92 75
27 22 46 85 83 88 50 63 95 91
49 59 19 37 53 27 11 26 2 91
95 36 20 76 84 41 59 95 67 66
52 60 17 11 28 57 75 69 95 24
===== Sample #4 Output =====
877826779
