===== Sample #1 Input =====
5 5
1 2 3 4 5
3 1 5
1 1 3 1
3 1 3
2 1 3 2 4
3 1 5
===== Sample #1 Output =====
15
9
20
===== Sample #2 Input =====
10 30
-5 -5 -2 -1 2 -2 0 -4 2 5
2 9 10 9 10
2 3 5 2 4
1 2 10 -1
2 1 7 1 7
3 1 4
2 1 6 2 7
2 5 8 6 9
3 4 8
3 1 10
3 9 9
1 3 8 -1
2 4 9 1 6
3 2 7
1 9 10 -4
1 6 9 -5
1 4 6 -7
3 2 5
2 10 10 7 7
1 3 4 -10
3 4 9
3 8 9
2 6 7 8 9
3 3 5
3 3 9
1 2 10 -10
2 4 6 4 6
2 4 9 5 10
1 2 6 7
3 7 8
1 3 6 3
===== Sample #2 Output =====
-20
-8
-18
1
-29
-36
-78
-18
-50
-86
-38
