===== Sample #1 Input =====
3 4 2 3 3 1
3 1 4 1
5 9 2 6
5 3 5 8
===== Sample #1 Output =====
19
===== Sample #2 Input =====
3 4 2 3 3 4
3 1 4 1
5 9 2 6
5 3 5 8
===== Sample #2 Output =====
0
===== Sample #3 Input =====
10 10 3 7 2 3
9 7 19 7 10 4 13 9 4 8
10 15 16 3 18 19 17 12 13 2
12 18 4 9 13 13 6 13 5 2
16 12 2 14 18 17 14 7 8 12
12 13 17 12 14 15 19 7 13 15
5 2 16 10 4 6 1 2 7 8
10 14 14 10 9 13 11 4 9 19
16 12 3 19 19 6 2 19 14 20
15 3 19 19 2 10 1 4 3 15
13 20 5 6 19 1 7 17 10 19
===== Sample #3 Output =====
180
