===== Sample #1 Input =====
1
===== Sample #1 Output =====
9
0
1
2
3
4
5
6
7
8
9
===== Sample #2 Input =====
2
===== Sample #2 Output =====
99
00
01
02
03
04
05
06
07
08
09
19
18
17
16
15
14
13
12
11
10
20
21
22
23
24
25
26
27
28
29
39
38
37
36
35
34
33
32
31
30
40
41
42
43
44
45
46
47
48
49
59
58
57
56
55
54
53
52
51
50
60
61
62
63
64
65
66
67
68
69
79
78
77
76
75
74
73
72
71
70
80
81
82
83
84
85
86
87
88
89
99
98
97
96
95
94
93
92
91
90
