===== Sample #1 Input =====
7 4
7 3 5 4 6 3 1
2 5
2 5
3 4
5 1
===== Sample #1 Output =====
-1
2
2
5
===== Sample #2 Input =====
20 30
1 4 3 6 9 9 6 7 5 3 5 4 9 4 1 2 14 5 11 1
14 18
4 15
2 10
3 13
20 15
7 12
18 10
9 15
20 12
5 7
6 10
8 12
4 14
17 11
15 16
17 7
20 13
8 9
14 17
13 16
5 6
4 11
5 7
4 6
12 16
16 15
13 16
2 7
8 15
10 16
===== Sample #2 Output =====
-4
-1
0
-2
-1
-4
-1
4
3
-1
3
-2
6
3
10
5
1
-2
-1
-5
1
-6
-4
-1
-4
0
-9
4
3
2
