===== Sample #1 Input =====
5 4
1 2 2
2 3 3
2 4 1
4 5 5
1 5 1 5
2 5 3 7
8 15 4 5
12 16 5 9
===== Sample #1 Output =====
10
===== Sample #2 Input =====
11 10
5 9 1
2 9 5
4 8 4
2 6 1
3 7 3
5 8 2
2 11 5
3 11 1
1 4 3
9 10 3
1 7 11 10
2 8 9 12
8 15 3 11
2 3 2 4
3 6 4 6
7 9 5 9
4 8 1 7
11 18 6 9
10 14 6 4
5 11 7 11
===== Sample #2 Output =====
21
===== Sample #3 Input =====
2 6
1 2 1000000000
1 2 1 1000000000
3 4 1 1000000000
5 6 1 1000000000
7 8 1 1000000000
899999999 900000000 1 1000000000
999999999 1000000000 2 1000000000
===== Sample #3 Output =====
5000000000
