===== Sample #1 Input =====
4
1 2
1 3
1 4
10
0 1 2 3 4 5 6 7 8 9
===== Sample #1 Output =====
2
3
4
4
5
6
6
7
8
8
===== Sample #2 Input =====
9
1 4
2 4
3 4
4 5
5 6
6 7
7 8
8 9
10
0 1 2 3 4 5 6 7 8 9
===== Sample #2 Output =====
6
7
7
7
8
8
8
9
9
9
===== Sample #3 Input =====
6
6 3
3 4
3 2
3 1
1 5
31
0 1 2 3 4 5 6 7 8 9 10 11 12 13 14 15 16 17 18 19 20 21 22 23 24 25 26 27 28 29 30
===== Sample #3 Output =====
3
4
4
4
5
6
6
6
7
8
8
8
9
10
10
10
11
12
12
12
13
14
14
14
15
16
16
16
17
18
18
