===== Sample #1 Input =====
3
5
4
1
5
7
4
9
7
5
3
13
12
11
10
9
8
7
6
5
4
3
2
1
25
25
25
25
25
===== Sample #1 Output =====
25
===== Sample #2 Input =====
500
30
33
36
39
42
45
48
51
54
57
69
63
66
69
72
75
78
81
84
87
90
93
96
99
102
105
108
111
===== Sample #2 Output =====
invalid
===== Sample #3 Input =====
23
27
35
31
36
29
55
63
23
61
49
47
86
69
86
111
63
113
63
71
104
93
95
95
111
125
167
111
111
===== Sample #3 Output =====
201811232111
===== Sample #4 Input =====
14
25
20
13
31
41
30
49
2
61
68
65
67
65
56
65
65
83
27
81
107
101
106
41
126
93
83
121
108
===== Sample #4 Output =====
invalid
