===== Sample #1 Input =====
3
0 1 1
1 0 1
1 1 1
===== Sample #1 Output =====
3
===== Sample #2 Input =====
4
0 1 0 0
0 0 0 1
1 0 0 0
0 0 1 0
===== Sample #2 Output =====
1
===== Sample #3 Input =====
1
0
===== Sample #3 Output =====
0
===== Sample #4 Input =====
21
0 0 0 0 0 0 0 1 1 0 1 1 1 1 0 0 0 1 0 0 1
1 1 1 0 0 1 0 0 0 1 0 0 0 0 1 1 1 0 1 1 0
0 0 1 1 1 1 0 1 1 0 0 1 0 0 1 1 0 0 0 1 1
0 1 1 0 1 1 0 1 0 1 0 0 1 0 0 0 0 0 1 1 0
1 1 0 0 1 0 1 0 0 1 1 1 1 0 0 0 0 0 0 0 0
0 1 1 0 1 1 1 0 1 1 1 0 0 0 1 1 1 1 0 0 1
0 1 0 0 0 1 0 1 0 0 0 1 1 1 0 0 1 1 0 1 0
0 0 0 0 1 1 0 0 1 1 0 0 0 0 0 1 1 1 1 1 1
0 0 1 0 0 1 0 0 1 0 1 1 0 0 1 0 1 0 1 1 1
0 0 0 0 1 1 0 0 1 1 1 0 0 0 0 1 1 0 0 0 1
0 1 1 0 1 1 0 0 1 1 0 0 0 1 1 1 1 0 1 1 0
0 0 1 0 0 1 1 1 1 0 1 1 0 1 1 1 0 0 0 0 1
0 1 1 0 0 1 1 1 1 0 0 0 1 0 1 1 0 1 0 1 1
1 1 1 1 1 0 0 0 0 1 0 0 1 1 0 1 1 1 0 0 1
0 0 0 1 1 0 1 1 1 1 0 0 0 0 0 0 1 1 1 1 1
1 0 1 1 0 1 0 1 0 0 1 0 0 1 1 0 1 0 1 1 0
0 0 1 1 0 0 1 1 0 0 1 1 0 0 1 1 1 1 0 0 1
0 0 0 1 0 0 1 1 0 1 0 1 0 1 1 0 0 1 1 0 1
0 0 0 0 1 1 1 0 1 0 1 1 1 0 1 1 0 0 1 1 0
1 1 0 1 1 0 0 1 1 0 1 1 0 1 1 1 1 1 0 1 0
1 0 0 1 1 0 1 1 1 1 1 0 1 0 1 1 0 0 0 0 0
===== Sample #4 Output =====
102515160
