===== Sample #1 Input =====
4 2
0 1 0 0
0 0 1 1
0 0 0 1
1 0 0 0
===== Sample #1 Output =====
6
===== Sample #2 Input =====
3 3
0 1 0
1 0 1
0 0 0
===== Sample #2 Output =====
3
===== Sample #3 Input =====
6 2
0 0 0 0 0 0
0 0 1 0 0 0
0 0 0 0 0 0
0 0 0 0 1 0
0 0 0 0 0 1
0 0 0 0 0 0
===== Sample #3 Output =====
1
===== Sample #4 Input =====
1 1
0
===== Sample #4 Output =====
0
===== Sample #5 Input =====
10 1000000000000000000
0 0 1 1 0 0 0 1 1 0
0 0 0 0 0 1 1 1 0 0
0 1 0 0 0 1 0 1 0 1
1 1 1 0 1 1 0 1 1 0
0 1 1 1 0 1 0 1 1 1
0 0 0 1 0 0 1 0 1 0
0 0 0 1 1 0 0 1 0 1
1 0 0 0 1 0 1 0 0 0
0 0 0 0 0 1 0 0 0 0
1 0 1 1 1 0 1 1 1 0
===== Sample #5 Output =====
957538352
