===== Sample #1 Input =====
5
1 2 2
2 3 2
3 1 3
3 4 1
4 5 5
===== Sample #1 Output =====
9
11
10
5
4
===== Sample #2 Input =====
6
1 2 1
2 3 1
3 1 1
1 4 10
2 5 1
3 6 1
===== Sample #2 Output =====
13
12
13
3
12
12
===== Sample #3 Input =====
30
14 4 848722274
18 12 171265658
8 4 511894372
25 11 330929651
23 19 418973258
22 4 817877182
13 23 222674219
22 16 413782819
29 5 544392908
7 17 144238161
13 27 923626020
24 22 304070169
24 28 791071873
4 27 156167139
21 15 120681393
27 25 59605316
1 2 200687466
5 20 908000896
4 17 52288616
16 30 835920548
30 6 290694093
5 13 650921045
18 13 427412075
24 23 817018683
26 10 693688408
21 16 636579751
15 2 946903174
11 3 261890778
5 9 131214588
20 10 834590409
===== Sample #3 Output =====
6749598432
6749598432
6749598432
6749598432
6749598432
6749598432
7303505702
5015716191
6749598432
6749598432
6749598432
7303505702
6749598432
6749598432
5971361289
6749598432
6548910966
4857711627
6749598432
6749598432
6749598432
4261075407
6749598432
7303505702
6055910024
5971361289
5971361289
6749598432
6749598432
5221319615
