===== Sample #1 Input =====
1 6
2 1
2 1
0 1 2 3 4 0
===== Sample #1 Output =====
30
===== Sample #2 Input =====
3 3
1 1
3 3
2 2 2
1 2 1
1 1 1
===== Sample #2 Output =====
33
===== Sample #3 Input =====
10 10
5 2
6 2
31 0 60 19 87 98 35 68 21 41
21 46 85 72 51 13 0 49 19 25
79 82 46 65 30 99 29 44 99 8
39 48 70 99 82 32 25 49 32 54
81 20 57 70 5 40 88 97 56 17
69 54 35 98 7 38 59 91 80 34
28 13 14 28 60 26 82 10 17 100
29 0 27 43 45 88 88 92 21 67
62 33 35 22 26 68 74 95 86 79
68 18 83 72 85 21 72 34 57 77
===== Sample #3 Output =====
370423
