===== Sample #1 Input =====
4 3 10
1 2 100
2 3 100
3 4 100
3 10
5 20
10 1000
1 8
===== Sample #1 Output =====
338
===== Sample #2 Input =====
4 4 3
1 2 50
2 3 50
3 4 100
3 1 100
2 500
2 200
2 500
2 500
===== Sample #2 Output =====
600
===== Sample #3 Input =====
2 1 1
1 2 1
0 1
0 1
===== Sample #3 Output =====
-1
===== Sample #4 Input =====
10 16 10
6 10 3
3 1 4
2 3 9
8 8 8
10 4 10
6 5 9
2 3 1
7 4 3
8 2 2
6 10 9
8 6 10
8 3 4
7 8 2
6 4 6
8 7 9
9 6 7
5 10
4 3
7 7
1 8
3 8
5 1
6 3
1 7
2 8
7 8
===== Sample #4 Output =====
22
