===== Sample #1 Input =====
4
0 1 -1 0
1 0 -1 -1
-1 -1 0 0
0 -1 0 0
===== Sample #1 Output =====
2
===== Sample #2 Input =====
3
0 1 1
1 0 1
1 1 0
===== Sample #2 Output =====
0
===== Sample #3 Input =====
3
0 0 0
0 0 0
0 0 0
===== Sample #3 Output =====
0
===== Sample #4 Input =====
11
0 -1 -1 -1 -1 -1 -1 -1 -1 -1 -1
-1 0 -1 -1 -1 -1 -1 -1 -1 -1 -1
-1 -1 0 -1 -1 -1 -1 -1 -1 -1 -1
-1 -1 -1 0 -1 -1 -1 -1 -1 -1 -1
-1 -1 -1 -1 0 -1 -1 -1 -1 -1 -1
-1 -1 -1 -1 -1 0 -1 -1 -1 -1 -1
-1 -1 -1 -1 -1 -1 0 -1 -1 -1 -1
-1 -1 -1 -1 -1 -1 -1 0 -1 -1 -1
-1 -1 -1 -1 -1 -1 -1 -1 0 -1 -1
-1 -1 -1 -1 -1 -1 -1 -1 -1 0 -1
-1 -1 -1 -1 -1 -1 -1 -1 -1 -1 0
===== Sample #4 Output =====
357947677
