===== Sample #1 Input =====
1 10 7
5 1 2 5 2 2 5 6 6 5
===== Sample #1 Output =====
2
===== Sample #2 Input =====
10 10 45
1 1 1 1 1 1 1 1 1 1
1 1 1 2 2 3 3 1 1 1
1 1 2 1 2 3 1 3 1 1
1 2 1 2 6 6 3 1 3 1
1 2 2 6 1 1 6 3 3 1
1 4 4 6 1 1 6 5 5 1
1 4 1 4 6 6 5 1 5 1
1 1 4 1 4 5 1 5 1 1
1 1 1 4 4 5 5 1 1 1
1 1 1 1 1 1 1 1 1 1
===== Sample #2 Output =====
4
===== Sample #3 Input =====
5 10 1
2 3 5 7 1 1 1 3 1 7
1 9 2 3 2 9 3 1 3 7
4 1 4 3 4 7 5 3 5 9
6 1 6 7 7 1 7 3 7 9
8 3 8 9 9 7 2 3 5 7
===== Sample #3 Output =====
9
===== Sample #4 Input =====
9 6 54
1 1 1 1 1 3
6 14 14 3 3 12
9 13 1 10 3 3
9 13 5 5 3 3
6 13 10 3 7 3
2 5 8 5 3 3
6 5 5 3 15 3
6 5 10 5 3 3
2 2 5 7 3 3
===== Sample #4 Output =====
0
===== Sample #5 Input =====
8 10 59
3 3 3 3 3 3 3 3 2 3
3 1 3 3 3 3 3 2 3 3
3 3 1 4 3 4 2 3 3 3
3 3 3 1 4 2 4 3 3 3
3 3 3 4 1 4 2 3 3 3
3 3 3 1 4 3 4 2 3 3
3 3 1 3 3 3 3 3 2 3
3 1 3 3 3 3 3 3 3 3
===== Sample #5 Output =====
2
