===== Sample #1 Input =====
5 9
1 2 3 4 5
2 0 4 0
0 0 1 10
2 0 4 0
2 2 2 0
1 0 1 4
2 0 0 0
2 1 1 0
3 0 4 0
2 0 1 0
===== Sample #1 Output =====
5
12
3
2
3
2
===== Sample #2 Input =====
4 7
0 1 0 1
2 0 3 0
0 0 3 1
1 0 3 2
2 0 3 0
0 0 3 1
1 0 3 2
2 0 3 0
===== Sample #2 Output =====
1
1
1
===== Sample #3 Input =====
10 23
13 1 22 8 28 18 23 9 22 27
1 3 4 5
1 8 8 8
0 3 9 5
0 2 6 3
3 0 4 0
1 1 3 7
2 2 2 0
2 3 5 0
0 1 4 2
3 0 9 0
2 0 1 0
0 3 9 8
2 1 9 0
0 8 9 5
1 5 7 7
0 3 5 7
0 7 9 7
3 3 6 0
2 1 6 0
0 1 1 7
1 4 8 10
2 0 9 0
1 5 6 1
===== Sample #3 Output =====
3
28
13
36
28
47
