===== Sample #1 Input =====
4 5
7
1 1
1 5
2 2
2 4
3 3
4 2
4 4
===== Sample #1 Output =====
5
===== Sample #2 Input =====
3 5
6
1 1
1 2
2 1
2 4
2 4
3 4
===== Sample #2 Output =====
4
===== Sample #3 Input =====
3 99999
9
1 77813
2 77813
3 77813
1 77814
2 77814
3 77814
1 77815
2 77815
3 77815
===== Sample #3 Output =====
9
===== Sample #4 Input =====
11 11
20
7 7
6 11
5 7
8 8
9 9
5 5
8 4
4 4
4 8
2 6
1 6
6 2
3 3
9 3
7 5
6 1
10 6
6 10
11 6
3 9
===== Sample #4 Output =====
4
