===== Sample #1 Input =====
5 4
1 2
2 3
3 4
3 5
1 2 1 2 4
===== Sample #1 Output =====
2
0
1
1
1
===== Sample #2 Input =====
7 1
1 2
2 3
3 4
4 5
5 6
6 7
1 1 1 1 1 1 1
===== Sample #2 Output =====
1
1
1
0
1
1
1
===== Sample #3 Input =====
10 10
2 6
5 8
10 8
1 4
10 6
4 5
10 7
6 9
3 7
1 2 3 4 5 6 7 8 9 10
===== Sample #3 Output =====
4
3
4
2
0
2
2
0
3
2
===== Sample #4 Input =====
22 12
9 6
12 13
4 20
21 22
3 19
2 9
6 18
18 11
18 3
16 2
6 4
3 17
16 10
8 16
22 1
16 14
15 8
9 21
2 12
21 5
12 7
1 1 4 8 4 11 7 6 7 11 6 11 10 4 7 5 3 12 9 6 12 2
===== Sample #4 Output =====
2
0
1
1
1
1
1
0
0
1
2
0
1
1
2
0
2
1
2
3
0
0
