===== Sample #1 Input =====
4 3 2
1 2
2 3
3 4
1 2 1 2
3
1 2
1 3
1 4
===== Sample #1 Output =====
1
0
1
===== Sample #2 Input =====
4 2 1
1 3
2 4
1 1 1 1
4
1 2
1 3
2 3
2 4
===== Sample #2 Output =====
0
1
0
1
===== Sample #3 Input =====
6 5 3
1 2
3 4
5 6
1 4
3 5
1 1 2 2 3 3
4
1 4
1 5
3 6
4 3
===== Sample #3 Output =====
1
0
1
1
===== Sample #4 Input =====
8 11 3
4 8
1 8
4 6
3 5
2 4
7 8
6 7
3 4
1 4
2 3
3 8
2 3 1 1 2 1 2 1
10
8 2
8 1
2 7
5 3
5 7
4 8
1 8
6 8
6 5
1 8
===== Sample #4 Output =====
1
1
0
1
0
1
1
1
1
1
