===== Sample #1 Input =====
4 6
1 4 4 4
3 4 1 3
1 3 4 4
2 4 3 1
2 3 3 2
1 2 4 2
===== Sample #1 Output =====
3
===== Sample #2 Input =====
5 2
1 4 1 2
3 5 1 4
===== Sample #2 Output =====
-1
===== Sample #3 Input =====
5 7
2 3 7 1
1 4 5 1
4 5 3 1
3 4 7 1
2 4 3 1
3 5 6 1
1 2 5 1
===== Sample #3 Output =====
1
===== Sample #4 Input =====
13 21
7 10 4 4
3 6 4 7
8 10 4 5
3 9 2 5
1 4 4 5
2 6 4 2
3 11 2 2
3 8 16 2
8 11 16 1
6 10 4 14
6 8 16 6
9 12 16 5
5 13 4 6
1 12 4 7
2 4 4 18
2 9 4 10
2 12 4 6
10 13 4 28
5 7 2 5
5 11 2 16
7 13 4 20
===== Sample #4 Output =====
7
