===== Sample #1 Input =====
7 6 1 10
1 2 2
2 3 1
3 4 2
4 5 1
5 6 1
6 7 2
5
===== Sample #1 Output =====
10
===== Sample #2 Input =====
10 9 3 25
1 2 2
2 3 1
3 4 1
4 5 1
5 6 2
6 7 1
7 8 1
8 9 1
9 10 2
10
9
3
===== Sample #2 Output =====
Large
22
4
===== Sample #3 Input =====
5 6 1 1000000000
1 4 1
1 5 1
4 5 1
3 4 1
3 5 1
2 3 1
2
===== Sample #3 Output =====
4
===== Sample #4 Input =====
9 11 5 10
1 2 1
1 3 2
2 3 2
2 9 2
3 9 1
4 9 1
8 9 1
5 8 1
5 7 1
4 7 2
6 7 2
2
6
7
8
9
===== Sample #4 Output =====
2
Large
7
5
3
