===== Sample #1 Input =====
5 3 0
1 1
1 2
1 10
2 5
2 6
===== Sample #1 Output =====
4
===== Sample #2 Input =====
7 2 3
2 2
1 8
1 10
1 11
2 23
2 24
2 25
===== Sample #2 Output =====
6
===== Sample #3 Input =====
12 153 0
1 155
2 861
1 646
1 218
2 450
2 56
1 932
2 295
2 863
1 612
2 38
2 768
===== Sample #3 Output =====
8
===== Sample #4 Input =====
15 89 104
1 4379
1 738
1 4862
1 4236
2 1416
1 9905
1 4775
2 4574
2 439
1 3956
1 955
2 8862
2 801
2 2299
2 575
===== Sample #4 Output =====
11
