===== Sample #1 Input =====
5 5
0 1 2 1 4
1 0 4
0 3 3
1 0 5
0 2 4
1 2 5
===== Sample #1 Output =====
8
15
5
===== Sample #2 Input =====
30 30
14 24 18 7 20 10 0 27 27 29 27 20 23 29 27 0 11 10 0 12 19 7 21 12 11 7 27 11 21 0
1 6 21
1 27 29
0 23 21
1 1 5
0 3 24
1 3 6
1 9 16
1 16 26
1 0 11
0 29 27
0 25 29
0 4 24
1 10 23
1 18 24
0 22 14
0 13 10
1 2 29
0 7 12
0 27 14
1 18 20
0 23 7
0 15 20
1 1 24
0 24 7
0 24 20
1 7 16
0 15 27
0 23 10
1 11 13
1 4 8
===== Sample #2 Output =====
53
3
10
6
23
34
31
57
16
116
3
94
28
3
10
