===== Sample #1 Input =====
2
1 5
3 1
===== Sample #1 Output =====
2
===== Sample #2 Input =====
5
1 2 3 4 5
3 3 1 1 1
===== Sample #2 Output =====
6
===== Sample #3 Input =====
27
46 3 4 2 10 2 5 2 6 7 20 13 9 49 3 8 4 3 19 9 3 5 4 13 9 5 7
10 2 5 6 2 6 3 2 2 5 3 11 13 2 2 7 7 3 9 5 13 4 17 2 2 2 4
===== Sample #3 Output =====
48
===== Sample #4 Input =====
18
3878348 423911 8031742 1035156 24256 10344593 19379 3867285 4481365 1475384 1959412 1383457 164869 4633165 6674637 9732852 10459147 2810788
1236501 770807 4003004 131688 1965412 266841 3980782 565060 816313 192940 541896 250801 217586 3806049 1220252 1161079 31168 2008961
===== Sample #4 Output =====
6302172
===== Sample #5 Input =====
2
1 99999999999
1234567891 1
===== Sample #5 Output =====
1234567890
