===== Sample #1 Input =====
4
1 2
1 3
3 4
14
1 1 1 1
1 2 2 1
1 3 3 1
2 1 0 4
2 2 1 3
2 4 3 2
3 4
1 3 3 1
1 4 4 1
1 1 1 1
1 2 2 1
2 1 0 4
2 2 1 3
2 4 3 2
===== Sample #1 Output =====
1
2
2
4
5
2
===== Sample #2 Input =====
1
11
1 1 4 1
1 1 14 2
1 1 10 4
1 1 8 8
1 1 12 16
1 1 2 32
1 1 6 64
1 1 0 128
2 1 0 10
2 1 10 10
2 1 8 10
===== Sample #2 Output =====
237
190
190
===== Sample #3 Input =====
1
11
1 1 0 1000000000
1 1 0 1000000000
1 1 0 1000000000
1 1 0 1000000000
1 1 0 1000000000
1 1 0 1000000000
1 1 0 1000000000
1 1 0 1000000000
1 1 0 1000000000
1 1 0 1000000000
2 1 0 2
===== Sample #3 Output =====
10000000000
===== Sample #4 Input =====
1
2
1 1 1 123
2 1 0 1073741823
===== Sample #4 Output =====
123
