===== Sample #1 Input =====
4 2
1 2 5
4 4 8
3
1 1 4
0 2 4
0 1 1
===== Sample #1 Output =====
13
5
0
===== Sample #2 Input =====
6 3
2 3 5
2 4 4
6 6 3
5
1 1 2
1 4 6
0 2 2
1 3 4
0 6 6
===== Sample #2 Output =====
9
12
7
12
9
===== Sample #3 Input =====
100 10
38 64 158260522
61 81 24979445
53 77 433933447
21 32 211047202
49 53 731963982
1 12 430302156
47 57 880895728
61 74 189330739
44 98 404539679
10 49 492686568
10
1 55 81
1 32 72
0 14 67
1 13 24
1 45 56
1 9 38
0 7 61
1 4 26
1 45 58
0 44 99
===== Sample #3 Output =====
2091939560
3527637312
1052783310
1756517080
3527637312
3957939468
1052783310
2186819236
3957939468
1134035926
