===== Sample #1 Input =====
4 1 1
1 0 2 2
3 1
2 -2
3 1
===== Sample #1 Output =====
2
1
===== Sample #2 Input =====
12 1 1
1 0 5 1
1 1 2 3
2 1
3 2
1 2 1 5
2 2
3 3
1 2 1 1
2 -4
3 3
2 5
3 4
===== Sample #2 Output =====
2
3
2
3
===== Sample #3 Input =====
34 1 1
1 0 1 2
1 1 1 3
1 2 1 4
1 3 1 5
1 4 1 6
1 5 1 7
1 6 1 8
1 7 1 9
1 8 1 10
1 9 1 11
1 10 1 12
1 11 1 13
1 12 1 14
1 13 1 15
1 14 1 16
1 15 1 17
1 16 1 18
1 17 1 19
1 18 1 20
1 19 1 21
1 20 1 22
1 21 1 23
1 22 1 24
1 23 1 25
1 24 1 26
1 25 1 27
1 26 1 28
1 27 1 29
1 28 1 30
1 29 1 31
3 30
2 1
3 29
3 30
===== Sample #3 Output =====
1
30
many
