===== Sample #1 Input =====
4 4
1 20 30 10
1 2 40
1 3 30
1 4 50
2 3 100
===== Sample #1 Output =====
First
===== Sample #2 Input =====
6 10
16 14 5 2 6 11
1 2 17
1 3 8
1 6 7
2 3 2
2 4 1
2 6 9
3 4 3
3 5 2
4 5 17
5 6 26
===== Sample #2 Output =====
Second
===== Sample #3 Input =====
10 9
1000000000 1000000000 1000000000 1000000000 1000000000 1000000000 1000000000 1000000000 1000000000 1000000000
1 2 1000000000
2 3 1000000000
3 4 1000000000
4 5 1000000000
5 6 1000000000
6 7 1000000000
7 8 1000000000
8 9 1000000000
9 10 1000000000
===== Sample #3 Output =====
Second
