===== Sample #1 Input =====
4
5 4 3 4
3
2 3 7
1 2 4
3 4 3
===== Sample #1 Output =====
7
===== Sample #2 Input =====
3
4 7 5
3
1 2 3
2 3 2
1 3 5
===== Sample #2 Output =====
4
===== Sample #3 Input =====
10
9 7 4 11 5 100 95 3 55 12
12
2 3 6
1 2 2
1 4 8
3 5 5
3 5 6
4 4 6
5 7 3
5 8 5
1 10 52
9 10 13
7 9 2
8 9 5
===== Sample #3 Output =====
83
===== Sample #4 Input =====
1
1
10
1 1 1000000000
1 1 1000000000
1 1 1000000000
1 1 1000000000
1 1 1000000000
1 1 1000000000
1 1 1000000000
1 1 1000000000
1 1 1000000000
1 1 1000000000
===== Sample #4 Output =====
9999999999
