===== Sample #1 Input =====
5
1 2 1
1 5 3
2 3 4
2 4 6
1 2 8
1 3 7
2 4 2
2 5 5
===== Sample #1 Output =====
6
===== Sample #2 Input =====
6
1 2 1000000000
1 3 1000000000
1 4 1000000000
1 5 1000000000
1 6 1000000000
1 2 1000000000
1 3 1000000000
1 4 1000000000
1 5 1000000000
1 6 1000000000
===== Sample #2 Output =====
5000000000
===== Sample #3 Input =====
7
1 2 8613
3 6 91
2 5 20238
3 7 5018
1 3 10453
2 4 7580
3 7 123
2 5 24095
1 2 6957
2 4 13166
1 3 72
2 6 2444
===== Sample #3 Output =====
7625
