===== Sample #1 Input =====
7
4 3 1 2 1000 2000 3000
===== Sample #1 Output =====
6004
6004
6004
6001
5007
4007
4007
4007
===== Sample #2 Input =====
40
45651 92206 55173 24815 34809 73343 60978 57984 6919 89624 19693 30037 87070 6713 65976 37597 51929 93304 70911 7343 65414 38977 47998 52123 53590 35714 59319 50872 53850 40991 85668 8808 32846 70831 3416 42173 89538 73410 21502 69631
===== Sample #2 Output =====
1416699
1416699
1416699
1416699
1413888
1410894
1410894
1410894
1413888
1413888
1413888
1413888
1413888
1413888
1419943
1419943
1419943
1400961
1400961
1400961
1419943
1419943
1419943
1419749
1419749
1419749
1419749
1419749
1419749
1419749
1419749
1419749
1419943
1419943
1419943
1419943
1398462
1398462
1398462
1402241
1402241
