===== Sample #1 Input =====
4
0 0 0
1 0 0
0 1 0
0 0 1
===== Sample #1 Output =====
0.866025403784
2
===== Sample #2 Input =====
4
0 0 0
0 1 1
1 0 1
1 1 0
===== Sample #2 Output =====
1.000000000000
6
===== Sample #3 Input =====
8
0 0 0
0 0 1
0 1 0
0 1 1
1 0 0
1 0 1
1 1 0
1 1 1
===== Sample #3 Output =====
1.732050807569
8
===== Sample #4 Input =====
27
0 0 0
0 0 1
0 0 2
0 1 0
0 1 1
0 1 2
0 2 0
0 2 1
0 2 2
1 0 0
1 0 1
1 0 2
1 1 0
1 1 1
1 1 2
1 2 0
1 2 1
1 2 2
2 0 0
2 0 1
2 0 2
2 1 0
2 1 1
2 1 2
2 2 0
2 2 1
2 2 2
===== Sample #4 Output =====
6.928203230276
8
===== Sample #5 Input =====
24
2 3 4
2 4 3
3 2 4
3 4 2
4 2 3
4 3 2
2 1 4
2 4 1
1 2 4
1 4 2
4 2 1
4 1 2
2 3 0
2 0 3
3 2 0
3 0 2
0 2 3
0 3 2
2 1 0
2 0 1
1 2 0
1 0 2
0 2 1
0 1 2
===== Sample #5 Output =====
14.282856857086
24
