===== Sample #1 Input =====
3
1 2 300
3 3 600
1 4 800
===== Sample #1 Output =====
2900
900
0
0
===== Sample #2 Input =====
5
3 5 400
5 3 700
5 5 1000
5 7 700
7 5 400
===== Sample #2 Output =====
13800
1600
0
0
0
0
===== Sample #3 Input =====
6
2 5 1000
5 2 1100
5 5 1700
-2 -5 900
-5 -2 600
-5 -5 2200
===== Sample #3 Output =====
26700
13900
3200
1200
0
0
0
===== Sample #4 Input =====
8
2 2 286017
3 1 262355
2 -2 213815
1 -3 224435
-2 -2 136860
-3 -1 239338
-2 2 217647
-1 3 141903
===== Sample #4 Output =====
2576709
1569381
868031
605676
366338
141903
0
0
0
