===== Sample #1 Input =====
7
1 3 -10
2 3 20
3 4 -1
1 6 1
5 6 3
6 7 2
3
3 4
5 7
2 6
===== Sample #1 Output =====
19
16
16
===== Sample #2 Input =====
7
1 3 -1100000
2 3 -1010000
3 4 -1001000
1 6 -1000100
5 6 -1000010
6 7 -1000001
3
3 4
5 7
2 6
===== Sample #2 Output =====
-1001000
-2000011
-3110100
===== Sample #3 Input =====
18
2 8 -133775141
3 16 -311103251
4 11 849496136
9 14 -442278959
8 13 946094213
8 14 714669159
5 8 210787603
5 11 8973730
10 15 581490293
10 16 -347827761
10 11 -126622449
7 11 431568122
6 7 -458490133
6 17 -314331217
1 6 -220056853
1 12 -981864951
12 18 183014767
20
1 15
7 10
6 12
1 18
3 16
4 8
9 12
2 14
1 11
3 8
14 17
4 17
12 18
3 17
1 10
5 9
9 15
4 13
5 11
4 7
===== Sample #3 Output =====
2937909821
3616456807
2139059637
2139059637
2957525795
3616456807
1696780678
3482681666
2937909821
2957525795
2843635457
2843635457
2139059637
2184704445
2937909821
3174177848
3174177848
3616456807
3616456807
3616456807
