===== Sample #1 Input =====
3
1 10 9
1 7 4
2 3 2
===== Sample #1 Output =====
10
16
19
===== Sample #2 Input =====
6
2 58 37
2 67 12
3 82 79
4 23 6
4 82 64
1 40 17
===== Sample #2 Output =====
82
164
231
289
309
328
===== Sample #3 Input =====
15
9 605824191 280849371
4 596581791 33288517
9 721865638 162970480
3 973186445 472655273
6 305716162 49621035
8 630727512 144854327
5 314582040 241964889
2 837187623 326231876
1 619623058 10421080
9 938725073 25997036
2 256037683 12811156
8 930775386 430074396
9 724058993 159628544
9 519111960 59073187
3 157350380 35127939
===== Sample #3 Output =====
973186445
1911911518
2842686904
3679874527
4403933520
5125799158
5756526670
6376149728
6981973919
7253580890
7495545779
7554618966
7604240001
7639367940
7652179096
