===== Sample #1 Input =====
5 2
1 1
1 2
1 3
2 4
2 5
===== Sample #1 Output =====
-1
9
6
14
15
===== Sample #2 Input =====
5 2
1 1
1 2
2 3
2 4
2 5
===== Sample #2 Output =====
-1
9
12
12
15
===== Sample #3 Input =====
8 4
3 2
2 3
4 5
1 7
3 11
4 13
1 17
2 19
===== Sample #3 Output =====
-1
24
-1
46
-1
64
-1
77
===== Sample #4 Input =====
15 5
3 87
1 25
1 27
3 58
2 85
5 19
5 39
1 58
3 12
4 13
5 54
4 100
2 33
5 13
2 55
===== Sample #4 Output =====
-1
145
173
285
318
398
431
491
524
576
609
634
653
666
678
