===== Sample #1 Input =====
3 4
10 8 3
5 7 8
9 6 1
2 8 9
===== Sample #1 Output =====
14
===== Sample #2 Input =====
10 8
50 8 226 426 123 30 114 304 230 994
402 230 316 555 193 95 547 66 171 1000
399 30 24 177 97 325 315 1 361 993
606 973 94 32 391 116 64 782 784 631
759 1000 130 503 81 538 260 41 71 118
1000 148 223 149 113 1 110 366 56 113
1000 245 104 383 171 27 244 34 204 121
55 1000 32 151 59 44 270 386 36 104
===== Sample #2 Output =====
6733
===== Sample #3 Input =====
1 10
1000000000
1000000000
1000000000
1000000000
1000000000
1000000000
1000000000
1000000000
1000000000
1000000000
===== Sample #3 Output =====
10000000000
