===== Sample #1 Input =====
7 5
1 2 3
1 3 10
1 4 3
2 5 1
2 6 2
5 7 1
3
3 6
4 7
7 6
===== Sample #1 Output =====
2
1
0
===== Sample #2 Input =====
7 5
1 2 30843382
1 3 31046102
1 4 31236232
2 5 31487860
2 6 32171282
5 7 33077326
3
3 6
4 7
7 6
===== Sample #2 Output =====
3
4
3
===== Sample #3 Input =====
20 3
18 11 2
20 9 0
2 1 2
13 8 1
12 8 1
12 4 2
6 15 0
7 16 1
3 19 1
20 5 2
16 11 0
14 2 2
16 10 0
7 2 1
12 20 2
13 19 1
1 5 1
6 17 0
17 4 2
20
1 4
8 4
3 5
11 12
14 1
9 16
6 4
20 1
6 16
4 1
19 13
20 19
18 13
9 1
4 10
7 8
18 7
18 11
7 11
1 2
===== Sample #3 Output =====
2
1
2
2
1
2
0
1
3
2
0
1
4
1
3
3
1
0
0
0
