===== Sample #1 Input =====
5 6
3 5 2 1 5 3
2
1 3
2 5
===== Sample #1 Output =====
11
8
===== Sample #2 Input =====
10 10
3 1 4 1 2 9 3 2 7 10 
10
1 7
1 4
3 8
6 9
3 4
1 8
7 10
4 10
3 5
6 9
===== Sample #2 Output =====
24
27
21
27
31
23
29
25
28
27
===== Sample #3 Input =====
100 20
6 97 94 50 96 51 94 86 92 77 9 73 21 9 46 42 76 77 49 17 
20
38 87
20 60
5 56
8 82
69 80
13 42
90 99
97 98
96 97
95 97
61 88
48 61
11 73
42 81
8 18
78 83
17 54
41 68
2 69
72 100
===== Sample #3 Output =====
401
451
449
417
573
489
625
633
633
631
493
535
401
393
596
609
451
467
437
543
