===== Sample #1 Input =====
3 10 1 5 0 2
111
===== Sample #1 Output =====
0 1 0
1 0 0
===== Sample #2 Input =====
6 10 26 241 74 25
111110
===== Sample #2 Output =====
0 6 6 5 9 0
0 8 8 2 8 0
1 0 9 9 7 0
1 9 6 7 3 0
2 8 3 4 9 0
3 2 6 8 7 0
3 4 8 5 6 0
3 9 1 9 4 0
4 7 8 7 0 0
5 4 3 7 7 0
5 6 5 4 6 0
5 8 7 1 5 0
6 0 8 8 4 0
6 7 3 9 1 0
6 9 5 6 0 0
7 1 7 2 9 0
7 6 0 6 7 0
7 8 2 3 6 0
8 2 5 7 4 0
8 4 7 4 3 0
8 6 9 1 2 0
8 9 0 8 1 0
9 3 4 1 9 0
-1
===== Sample #3 Input =====
3 2 3 7 0 2000
111
===== Sample #3 Output =====
1 1 1
-1
===== Sample #4 Input =====
40 23 166 240 130 1117
1000000000100000000010000000001000000000
===== Sample #4 Output =====
-1
