===== Sample #1 Input =====
4 3
1 2 3 4
3 12
1 1 3
3 12
===== Sample #1 Output =====
3
4
===== Sample #2 Input =====
10 5
10 1 8 3 10 10 6 3 3 7
3 30
3 7
3 4
3 10
3 1
===== Sample #2 Output =====
11
1
0
5
1
===== Sample #3 Input =====
20 20
13 5 30 10 15 22 30 4 11 18 10 23 9 1 27 8 5 6 16 26
3 60
3 90
2 19 11
2 7 6
2 5 6
3 12870
3 198
1 12 3
2 10 1
3 30
3 5
2 18 5
3 234
3 291720
1 10 6
3 1776060
3 198
3 10
3 792
3 30
===== Sample #3 Output =====
1
1
1
2
7
3
2
2
1
1
2
3
4
