===== Sample #1 Input =====
3 2
1 2
1 3
5
1 1
2 2
1 1
2 3
2 1
===== Sample #1 Output =====
1
2
0
===== Sample #2 Input =====
7 7
1 4
1 6
3 4
3 5
3 7
4 5
4 7
15
1 1
2 3
1 4
2 2
1 5
1 1
1 4
2 4
2 3
2 1
1 7
1 2
2 5
2 4
2 2
===== Sample #2 Output =====
0
0
3
3
2
2
1
0
===== Sample #3 Input =====
10 13
1 2
1 5
1 9
2 3
2 4
3 5
3 6
3 9
4 8
5 7
5 10
6 7
6 10
20
1 5
2 8
1 4
2 9
1 1
1 6
2 8
1 10
2 7
1 10
1 10
2 8
1 7
2 5
1 9
2 2
1 9
1 4
2 4
2 6
===== Sample #3 Output =====
0
0
1
2
0
5
2
0
4
