===== Sample #1 Input =====
5
===== Sample #1 Output =====
7 10
1 2
1 3
1 4
2 5
3 5
3 6
4 5
4 6
5 7
6 7
===== Sample #2 Input =====
20
===== Sample #2 Output =====
16 24
1 2
2 3
3 4
5 6
6 7
7 8
9 10
10 11
11 12
13 14
14 15
15 16
1 5
5 9
9 13
2 6
6 10
10 14
3 7
7 11
11 15
4 8
8 12
12 16
===== Sample #3 Input =====
104
===== Sample #3 Output =====
21 75
1 2
1 3
2 4
2 5
2 6
2 7
3 4
3 5
3 6
3 7
4 8
4 9
4 10
4 11
4 12
4 13
4 14
4 15
4 16
4 17
4 18
4 19
4 20
5 8
5 9
5 10
5 11
5 12
5 13
5 14
5 15
5 16
5 17
5 18
5 19
5 20
6 8
6 9
6 10
6 11
6 12
6 13
6 14
6 15
6 16
6 17
6 18
6 19
6 20
7 8
7 9
7 10
7 11
7 12
7 13
7 14
7 15
7 16
7 17
7 18
7 19
7 20
8 21
9 21
10 21
11 21
12 21
13 21
14 21
15 21
16 21
17 21
18 21
19 21
20 21
