===== Sample #1 Input =====
3 3
1 2 2
2 3 5
3 1 3
===== Sample #1 Output =====
5
7
5
===== Sample #2 Input =====
5 7
1 2 8
2 3 9
2 4 7
3 1 5
3 4 6
4 1 8
3 5 1
===== Sample #2 Output =====
20
21
19
19
19
21
19
===== Sample #3 Input =====
8 10
1 2 314159265
2 3 358979323
3 4 846264338
1 3 327950288
1 4 419716939
2 4 937510582
1 5 97494459
1 6 230781640
1 7 628620899
1 8 862803482
===== Sample #3 Output =====
2881526972
2912556007
3308074371
2881526972
2881526972
3399320615
2881526972
2881526972
2881526972
2881526972
