===== Sample #1 Input =====
4
1 2 3 4
5 6 7 8
9 10 11 12
13 14 15 16
===== Sample #1 Output =====
0 1 0 0
1 0 0 0
0 0 0 0
0 0 0 4
===== Sample #2 Input =====
40
4 2 1 1 1 1 3 1 1 1 6 1 1 2 1 1 6 17 3 5 1 2 5 2 1 1 1 1 6 12 1 4 1 3 1 1 2 1 3 2
1 1 4 1 1 4 1 1 1 12 3 1 1 1 1 7 1 1 2 1 3 1 11 1 1 1 1 1 1 1 1 1 1 2 1 1 2 4 6 3
5 6 1 1 2 1 3 4 5 1 9 1 1 2 26 6 3 1 1 1 2 4 1 2 1 1 3 1 3 1 1 2 1 1 6 1 2 1 2 1
1 1 1 16 1 1 10 1 1 1 3 7 1 1 1 1 1 2 1 1 1 1 1 19 1 1 2 3 6 1 2 12 1 2 4 1 1 1 1 1
1 1 1 1 1 1 3 1 1 1 2 1 1 1 1 9 1 1 1 8 2 2 2 1 1 2 1 1 1 1 2 1 4 1 1 1 2 1 2 1
1 1 1 1 1 1 2 5 1 1 1 3 4 3 1 30 2 1 2 19 1 2 1 1 2 1 3 1 1 1 2 4 1 15 1 4 1 1 1 1
3 4 1 1 2 1 4 1 1 1 2 1 8 8 6 1 2 2 2 2 5 2 1 1 1 1 1 1 1 3 2 1 2 1 1 16 1 1 1 1
1 1 1 1 1 1 1 1 1 1 6 1 3 14 1 1 2 1 1 2 5 6 2 1 14 2 1 1 2 1 1 1 1 1 1 1 2 1 1 19
1 3 1 1 1 4 2 5 1 2 1 1 1 1 9 1 1 1 1 1 1 20 17 1 1 2 4 1 6 1 1 1 2 1 1 1 1 11 5 3
1 1 1 3 3 1 2 3 1 1 4 1 1 1 1 3 1 1 1 2 12 1 5 1 1 2 3 2 21 2 5 1 1 1 3 1 3 1 1 4
3 2 1 1 1 1 1 4 8 1 1 3 1 2 1 1 3 1 1 1 1 4 2 2 1 18 1 1 1 1 1 1 1 1 2 1 1 1 1 3
1 4 1 1 2 1 1 2 2 3 1 6 3 6 4 2 3 1 3 1 3 1 2 1 3 1 1 7 1 5 8 2 1 1 1 3 5 3 2 1
1 1 1 1 6 7 1 1 2 2 1 1 2 1 6 11 2 1 1 1 1 1 1 13 3 1 5 1 1 2 8 1 1 1 1 1 4 1 1 1
10 1 12 1 1 1 7 10 2 1 23 1 1 1 5 8 3 1 1 2 1 1 1 1 1 1 1 1 1 2 1 1 2 1 1 1 9 1 1 1
2 1 1 1 1 9 3 1 1 2 3 1 1 2 1 1 1 7 1 1 2 1 1 1 2 1 1 1 2 2 1 1 2 1 2 2 1 2 1 17
1 5 1 1 1 1 1 1 1 1 2 6 1 1 3 1 1 1 1 6 1 1 1 1 1 2 1 1 2 1 3 3 1 1 2 1 2 1 1 1
2 1 1 1 1 2 1 2 1 1 2 1 2 1 1 5 1 1 1 4 2 2 2 1 1 2 30 4 2 2 1 2 1 1 1 1 1 1 5 1
1 2 1 1 6 1 3 1 3 1 1 1 8 1 1 1 1 1 1 1 2 1 1 1 2 1 1 4 1 1 2 1 10 9 7 7 1 1 2 1
1 1 1 1 2 1 3 2 12 1 6 1 1 1 4 3 1 1 1 1 1 1 1 1 1 1 2 2 1 4 1 1 2 1 7 1 1 2 1 3
15 1 1 1 1 2 1 6 1 1 1 2 3 1 1 1 1 4 7 1 1 1 1 1 1 1 1 1 1 1 1 1 3 1 2 1 1 2 2 2
1 4 1 2 1 2 1 2 2 2 1 3 1 1 2 1 2 1 1 3 1 1 1 1 1 1 14 1 1 2 3 2 1 2 1 2 3 2 1 1
2 5 1 3 1 1 1 1 1 2 2 1 9 1 1 4 1 1 2 3 3 1 1 1 2 11 1 1 2 2 1 2 1 1 1 2 1 1 2 1
1 1 2 1 1 13 1 5 1 1 1 1 1 18 2 1 1 1 1 2 2 1 1 6 1 1 1 1 4 1 2 1 1 3 3 1 1 3 1 3
2 1 1 7 1 2 1 1 1 1 3 2 1 7 1 1 1 1 1 1 2 1 1 1 1 1 5 1 14 2 1 1 2 1 2 1 1 1 2 1
2 1 3 1 2 1 1 1 15 13 1 1 1 12 6 1 2 2 1 6 5 1 2 1 3 1 9 1 2 1 3 1 19 1 1 1 1 7 9 1
8 3 3 2 1 1 1 9 1 1 2 1 1 1 3 1 2 1 1 1 21 2 8 1 1 21 1 3 3 4 2 1 2 6 1 1 9 1 1 1
3 1 1 1 8 2 2 2 1 2 1 5 1 8 7 1 1 2 1 1 3 2 10 1 6 7 2 8 1 4 2 1 1 1 1 1 2 1 3 2
1 4 1 1 3 1 2 1 1 1 1 1 1 1 1 1 1 1 1 7 4 8 1 5 17 2 1 2 1 1 1 1 1 1 1 2 2 1 3 1
1 2 2 9 1 1 1 1 3 1 1 2 1 1 7 28 1 5 1 1 1 2 1 2 3 1 2 1 1 1 1 1 2 1 1 1 3 1 3 1
1 1 1 3 1 19 4 1 1 1 2 1 5 1 1 1 1 1 1 2 2 1 3 1 1 1 5 2 2 1 3 1 1 3 1 1 1 1 1 1
1 2 1 1 1 4 1 1 1 4 3 4 1 2 1 3 1 10 1 1 6 2 1 1 1 1 1 1 1 6 2 1 4 2 8 1 5 2 1 1
1 1 1 1 4 1 4 1 1 1 7 1 1 3 30 1 3 1 1 3 1 1 3 2 1 1 1 6 1 1 1 1 1 1 1 2 11 1 1 1
1 1 2 1 1 3 28 5 1 1 1 1 1 1 1 3 11 1 4 1 2 1 1 4 1 6 2 1 1 1 1 1 26 1 1 7 1 2 2 2
2 1 10 1 1 1 2 1 1 2 1 2 1 1 1 1 1 1 1 2 2 3 1 1 1 1 1 1 3 1 4 2 2 1 1 11 4 1 4 5
1 1 1 2 6 17 2 1 4 22 1 9 1 11 25 3 2 1 1 1 2 7 1 2 2 1 2 16 1 2 1 1 3 1 5 3 1 1 1 1
1 1 3 6 1 3 1 4 6 1 3 4 4 1 1 1 2 1 1 1 1 5 1 6 7 1 1 1 1 1 1 1 3 1 2 1 1 1 1 4
3 1 1 1 1 9 1 1 1 1 1 3 1 4 3 1 1 1 4 1 2 1 2 7 1 4 1 1 1 1 3 1 1 1 8 1 1 1 1 1
1 1 2 1 7 2 1 4 1 1 1 3 1 1 1 2 1 6 1 1 1 2 23 4 1 1 1 1 1 1 10 1 1 1 1 1 15 14 1 1
2 1 1 1 2 1 1 5 1 12 17 1 1 1 1 1 1 3 1 1 1 1 1 1 1 7 1 2 1 1 5 4 1 1 1 7 1 3 1 1
2 1 1 1 2 3 2 2 1 1 8 2 1 2 2 2 1 1 2 1 1 1 1 6 1 5 1 1 1 1 1 1 1 3 1 1 1 7 1 2
===== Sample #2 Output =====
null
