===== Sample #1 Input =====
6
-9 1
-6 1
-4 1
1 1
9 1
10 1
===== Sample #1 Output =====
0.500000000000
===== Sample #2 Input =====
20
-8965725 4915988
-8830129 1578539
-8356752 3503810
-7479989 5100308
-6995994 3722838
-6861764 3493854
-6486775 1657800
-4577872 7994227
-3685008 7178154
-3169623 9319261
-2694681 7493276
-1967934 3837689
-1634671 544297
-1232484 6010778
2733239 4318924
4797695 2789412
5713704 4416095
6609027 2426329
6997023 2155233
7812383 9912027
===== Sample #2 Output =====
2249873.278320866637
