===== Sample #1 Input =====
6 6
......
.#....
......
......
......
...#.G
===== Sample #1 Output =====
-1 -1 -1 9 -1 5
-1 -1 -1 8 -1 4
-1 -1 -1 7 -1 3
-1 -1 -1 6 -1 2
-1 -1 -1 5 -1 1
7 6 5 2 1 0
===== Sample #2 Input =====
1 8
#####G##
===== Sample #2 Output =====
15 10 6 3 1 0 1 3
===== Sample #3 Input =====
9 9
....#..#.
#........
....#....
.#......#
...###...
##....#.#
....#...#
#....#...
.#.#..#.G
===== Sample #3 Output =====
54 37 52 29 38 38 17 53 18
43 36 60 28 37 37 16 65 17
40 35 38 27 26 36 15 39 16
35 22 21 20 19 18 14 16 10
28 27 26 16 16 25 13 36 9
28 17 16 15 14 13 7 9 5
18 17 16 14 8 7 6 5 2
41 22 52 13 15 37 5 51 1
22 14 13 7 6 5 2 1 0
