===== Sample #1 Input =====
5 2
abcde
fghij
8
2 1 0 2 3
2 2 0 1 5
1 1 2 2 2
2 1 0 2 3
2 2 0 1 5
1 1 2 1 3
2 1 0 2 3
2 2 0 1 5
===== Sample #1 Output =====
3000002
496944447
3000007
491944447
8000002
496979442
===== Sample #2 Input =====
7 3
pzocuwt
ghqsktw
ogvyhak
13
2 1 0 1 2
1 1 2 5 6
1 1 3 3 6
1 2 3 4 5
1 2 3 5 6
1 1 2 1 6
1 1 2 5 6
2 2 0 5 5
2 1 0 2 3
1 2 3 1 4
1 1 2 2 7
2 3 0 1 6
2 3 0 1 4
===== Sample #2 Output =====
26000016
21
17000008
556958241
25847241
