===== Sample #1 Input =====
3
4 1
8 -3
1 2
4
1 3 4
3 0 10
2 2 6
0 1 5
===== Sample #1 Output =====
1
2
3
2
===== Sample #2 Input =====
4
0 50000
100000 -50000
0 2
100000 -3
6
0 50000 50000
1 50000 50000
2 50000 50000
20000 40000 40000
20001 39998 40001
20001 39997 40002
===== Sample #2 Output =====
0
2
0
2
0
2
===== Sample #3 Input =====
10
67812 -965
1766 93025
25587 -3294
14569 22
8830 203
50857 7
23407 -836
82660 80780
89781 1
86061 -1
10
97289 65405 94453
49386 73492 97497
75412 82840 94438
93076 43725 95471
18439 76630 93787
373 51319 92018
65554 30886 93533
66039 14298 95837
68359 90674 98196
31448 31879 98393
===== Sample #3 Output =====
0
0
0
0
0
4
0
1
0
1
