===== Sample #1 Input =====
9
1 0 10
1 2 12
3 5 5
3 8 9
2 0
3 5 5
3 8 9
2 1
3 5 5
===== Sample #1 Output =====
25
18
21
18
-1
===== Sample #2 Input =====
7
1 3 7
1 0 6
1 4 10
3 1 3
3 6 7
3 5 5
3 4 6
===== Sample #2 Output =====
3
6
5
1
===== Sample #3 Input =====
20
3 268323303 605806817
3 397106901 526645597
1 242167025 963419065
3 306157656 666722488
3 90905255 723611215
1 135062270 656996756
1 72048580 708895403
1 254360876 741288738
3 353173849 652094091
3 274378199 520888695
1 128877839 722596185
3 367349293 905356554
3 336742409 649201453
1 353239854 521572577
2 3
3 5185803 799351855
1 139746807 783110900
3 375190636 656724546
1 462675641 992773167
1 77055484 555060299
===== Sample #3 Output =====
-1
-1
18985801177770087
-1
34559196595622576
38039325599084252
7268396812754948
29717251314463008
-1
40797612391288109
