===== Sample #1 Input =====
2
2 4
1 5
2
1 2
2 2
===== Sample #1 Output =====
2
5
===== Sample #2 Input =====
10
545730128881 685343573126
495640031759 777974687460
441446188770 793309056685
376909511228 836745593749
371724504348 838698721858
232388555737 839645478663
171431376831 859733468976
64650919635 891249391583
54537347654 900209259449
7975806821 908972571709
10
9 9
2 3
1 6
3 9
2 10
1 2
3 4
5 6
2 9
7 8
===== Sample #2 Output =====
845671911796
175931433958
93394843502
120810273113
100110751654
139613444246
229918041261
303628461463
105708988974
413299235974
