===== Sample #1 Input =====
3
0 1 2
3
1 2 10
1 3 -20
2 3 20
6
1 1 1
1 2 1
3 3 2
1 1 2
1 1 3
1 3 3
===== Sample #1 Output =====
0
-10
-9
1
2
-18
===== Sample #2 Input =====
3
454314 -698320 390858
7
1 3 -916798
1 2 -927828
2 2 537269
1 1 -765412
3 3 -299727
3 3 250850
3 3 526409
7
3 5 3
1 5 1
7 7 1
6 6 1
4 5 3
3 6 3
6 6 2
===== Sample #2 Output =====
-825667
-2155724
-2155724
-2155724
-825667
-825667
-2005677
===== Sample #3 Input =====
7
74567 -876079 911351 746764 -924924 713268 666931
7
6 7 -318557
5 6 -349441
2 4 -629716
3 7 595329
4 7 174594
5 5 -948318
2 6 -47210
8
2 4 4
1 5 3
3 5 5
1 3 3
4 7 5
1 7 1
5 5 5
6 7 2
===== Sample #3 Output =====
117048
281635
-1274365
281635
-1499970
74567
-679036
-1553005
