===== Sample #1 Input =====
5
3 5
1 2
2 3
3 4
3
2 2
4 5
1 1
1
2 1
2 1
===== Sample #1 Output =====
2
0
1
===== Sample #2 Input =====
10
4 10
2 3
1 4
1 2
3 5
1 8
4 6
8 9
2 7
5
10 4
9 7 3 1 5 10 4 6 2 8
2 2
8 2
10 9
6 2 10 4 7 1 5 8 9 3
2 2
10 2
5 1
1 7 2 3 9
===== Sample #2 Output =====
1
0
0
0
2
===== Sample #3 Input =====
15
3 4
4 6
11 13
2 6
4 8
7 13
4 7
8 9
1 8
5 9
8 15
9 14
8 12
9 10
5
14 5
5 1 13 8 14 3 2 9 7 10 11 4 12 15
5 5
6 8 12 2 11
1 1
12
12 8
2 13 1 10 12 3 8 9 6 4 7 15
10 8
8 14 13 12 15 10 7 5 2 4
===== Sample #3 Output =====
2
1
2
1
1
