===== Sample #1 Input =====
1
 1 3   1
--x +x+- [-3;3]
 8     2
===== Sample #1 Output =====
P2 121 61 2 (egg)
# Compression: 93.95%
#  1 3   1
# --x +x+- [-3;3]
#  8     2
1(19)1(19)1(19)1(19)1(19)1(19)1
(60)1(60)&lt;7&gt;
(60)1(29)[6](25)
(60)1(25)[4](6)000(22)
(60)1(23)00(13)00(20)
(60)1(21)00(17)00(18)
(60)1(20)0(21)0(17)
(60)1(18)00(23)00(15)
(60)1(17)0(27)0(14)
(60)1(15)00(29)0(13)
(60)1(14)0(45)
(60)1(13)0(33)0(12)
(60)1(12)0(35)0(11)
(60)1(10)00(37)0(10)
1(19)1(19)1(19)1(9)0(9)1(19)1(10)0(8)1
(60)1(8)0(51)
(60)1(7)0(43)0(8)
0(59)1(6)0(53)
(60)1(5)0(46)0(7)
20(58)1(4)0(48)0(6)
(60)12220(56)
220(57)1220(51)0(5)
(60)120(58)
2220(56)10(54)0(4)
(60)0(60)
(4)0(54)01(56)0222
(58)021(60)
(5)0(51)0221(57)022
(56)02221(60)
(6)0(48)0(4)1(58)02
(7)0(46)0(5)1(60)
(53)0(6)1(60)
(8)0(43)0(7)1(59)0
(51)0(8)1(60)
{9}0{40}0{70}
(10)0(37)00(10)1(60)
(11)0(35)0(12)1(60)
(12)0(33)0(13)1(60)
(45)0(14)1(60)
(13)0(29)00(15)1(60)
(14)0(27)0(17)1(60)
(15)00(24)0(18)1(60)
(17)0(21)00(19)1(60)
(18)00(17)00(21)1(60)
(20)00(13)00(23)1(60)
(22)000(6)[4](25)1(60)
(25)[6](29)1(60)
(60)1(60)&lt;7&gt;
1(19)1(19)1(19)1(19)1(19)1(19)1
