===== Sample #1 Input =====
-1.00000 1.00000 1.00000
0.00000 0.00000 0.00000
2.00000 0.00000 0.00000
0.00000 2.00000 0.00000
0.00000 0.00000 2.00000
5.00000 0.00000 0.00000
7.00000 0.00000 0.00000
5.00000 2.00000 0.00000
5.00000 0.00000 2.00000
0.00000 0.00000 0.00000
1.00000 1.00000 1.00000
2.00000 1.00000 1.00000
1.00000 2.00000 1.00000
1.00000 1.00000 2.00000
-1.00000 -1.00000 -1.00000
-1.00000 -2.00000 -1.00000
-2.00000 -1.00000 -1.00000
-1.00000 -1.00000 -2.00000
===== Sample #1 Output =====
2 4.000
-1
