===== Sample #1 Input =====
4 12
3 2
11 8
12 17
1 19
0 0 10 0
10 0 20 0
20 0 20 10
20 10 20 20
20 20 10 20
10 20 0 20
0 20 0 10
0 10 0 0
10 0 10 10
0 10 10 10
20 10 10 10
10 20 10 10
4 16
170 13
24 88
152 49
110 130
60 60 140 60
140 60 140 140
140 140 60 140
60 140 60 60
0 0 200 0
200 0 200 200
200 200 0 200
0 200 0 0
40 40 160 40
160 40 160 160
160 160 40 160
40 160 40 40
20 20 180 20
180 20 180 180
180 180 20 180
20 180 20 20
0 0
===== Sample #1 Output =====
2 2 4
2 1 3
2 2 4
2 1 3
1 2
2 1 3
2 2 4
1 3
