===== Sample #1 Input =====
2
6
03 10103538 2222 1233 6160 0142 
03 10103538 2222 1233 6160 0141 
30 10103538 2222 1233 6160 0141 
30 10103538 2222 1233 6160 0142 
30 10103538 2222 1233 6160 0141 
30 10103538 2222 1233 6160 0142 

5
30 10103538 2222 1233 6160 0144 
30 10103538 2222 1233 6160 0142 
30 10103538 2222 1233 6160 0145 
30 10103538 2222 1233 6160 0146 
30 10103538 2222 1233 6160 0143
===== Sample #1 Output =====
03 10103538 2222 1233 6160 0141 1
03 10103538 2222 1233 6160 0142 1
30 10103538 2222 1233 6160 0141 2
30 10103538 2222 1233 6160 0142 2

30 10103538 2222 1233 6160 0142 1
30 10103538 2222 1233 6160 0143 1
30 10103538 2222 1233 6160 0144 1
30 10103538 2222 1233 6160 0145 1
30 10103538 2222 1233 6160 0146 1
