===== Sample #1 Input =====
3
3
1 1 1
1 1 1
1 1 1
11
1 0 0 1 0 0 0 0 0 1 1 
1 1 1 1 1 0 1 0 1 0 0 
1 0 0 1 0 0 1 1 0 1 0 
1 0 1 1 1 0 1 1 0 1 1 
0 1 1 1 0 1 0 0 1 1 1 
1 1 1 0 0 1 0 0 0 0 0 
0 0 0 0 1 0 1 0 0 0 1 
1 0 1 1 0 0 0 0 0 0 1 
0 0 1 0 1 1 0 0 0 1 1 
1 1 1 0 0 0 1 0 1 0 1 
1 0 0 0 1 1 1 1 0 0 0 
11
0 1 1 1 0 1 0 0 0 1 0 
0 0 1 1 1 1 1 1 1 1 1 
1 1 0 1 0 0 0 0 0 1 0 
0 1 0 1 0 1 0 1 0 1 1 
1 0 0 1 0 0 0 0 1 0 1 
0 0 1 0 1 1 0 0 0 0 1 
1 0 1 0 1 1 1 0 1 1 0 
1 0 1 1 0 1 1 0 0 1 0 
0 0 1 1 0 1 1 1 1 1 1 
0 1 0 0 0 0 0 0 0 1 1 
0 1 1 0 0 0 0 0 1 0 1
===== Sample #1 Output =====
6
7588
7426
