===== Sample #1 Input =====
11
-5 -4 -3 -8 -7 -6 1 -11 -10 -9 -2
1 2 3 4 5 6 7 8 9 10 11
11
1 2 3 -4 -5 -6 -7 -8 -9 10 11
11 9 8 7 6 5 4 3 2 10 1
0
===== Sample #1 Output =====
3 Steps
-5 -4 -3 -8 -7 -6 +1 -11 -10 -9 -2
-5 -4 -3 -8 -7 -6 +1 +2 +9 +10 +11
-5 -4 -3 -2 -1 +6 +7 +8 +9 +10 +11
+1 +2 +3 +4 +5 +6 +7 +8 +9 +10 +11
5 Steps
+1 +2 +3 -4 -5 -6 -7 -8 -9 +10 +11
+1 +2 -3 -4 -5 -6 -7 -8 -9 +10 +11
+1 -2 -3 -4 -5 -6 -7 -8 -9 +10 +11
+1 -2 -3 -4 -5 -6 -7 -8 -9 -11 -10
+11 +9 +8 +7 +6 +5 +4 +3 +2 -1 -10
+11 +9 +8 +7 +6 +5 +4 +3 +2 +10 +1
