===== Sample #1 Input =====
11 10
1 2
2 3
3 4
4 5
5 6
6 7
7 8
8 9
9 10
10 11

===== Sample #1 Output =====
1
12
123
1234
12345
123456
1234567
12345678
123456789
345678826

===== Sample #2 Input =====
12 19
1 2
2 3
2 4
2 5
2 6
2 7
2 8
2 9
2 10
3 11
11 12
1 3
1 4
1 5
1 6
1 7
1 8
1 9
1 10

===== Sample #2 Output =====
1
12
13
14
15
16
17
18
19
1210
121011

===== Sample #3 Input =====
12 14
1 2
2 3
3 4
4 5
5 6
6 7
7 8
8 9
9 10
10 11
11 12
1 3
1 4
1 10

===== Sample #3 Output =====
1
12
13
134
1345
13456
1498
149
14
1410
141011

