===== Sample #1 Input =====
9
1 2 3 3 2 1 4 4 1
===== Sample #1 Output =====
0 0 0 1 1 1 1 2 2
===== Sample #2 Input =====
9
1 2 2 2 2 1 1 2 2
===== Sample #2 Output =====
0 0 1 2 3 3 4 4 5
===== Sample #3 Input =====
15
1 2 3 4 5 5 4 3 2 2 3 4 4 3 6
===== Sample #3 Output =====
0 0 0 0 0 1 1 1 1 2 2 2 3 3 0
===== Sample #4 Input =====
50
1 2 4 6 6 4 2 1 3 5 5 3 1 2 4 4 2 1 3 3 1 2 2 1 1 1 2 4 6 6 4 2 1 3 5 5 3 1 2 4 4 2 1 3 3 1 2 2 1 1
===== Sample #4 Output =====
0 0 0 0 1 1 1 1 1 1 2 2 2 2 2 3 3 3 3 4 4 4 5 5 6 7 3 3 3 4 4 4 4 3 3 4 4 4 4 4 5 5 5 5 6 6 6 7 7 8
