===== Sample #1 Input =====
2 1
0 4
1
-1
8
1 0
2 0
1 1
2 1
1 2
2 2
1 3
2 3
===== Sample #1 Output =====
0
4
1
3
1
2
1
2
===== Sample #2 Input =====
2 1
0 4
2
-1
8
1 0
2 0
1 1
2 1
1 2
2 2
1 3
2 3
===== Sample #2 Output =====
0
4
1
3
2
3
3
4
===== Sample #3 Input =====
2 2
0 1
1 -1
-1 1
4
1 0
1 1
1 2
1 3
===== Sample #3 Output =====
0
0
-1
0
===== Sample #4 Input =====
1 3
0
3 -2 1
3
1 5
1 10
1 15
===== Sample #4 Output =====
1
4
5
===== Sample #5 Input =====
4 3
-8 -4 2 5
-1 3 0
1 -3 -4
2 -5 2
-1 -4 2
5
3 12
4 18
4 11
1 6
1 10
===== Sample #5 Output =====
6
9
6
-8
-9
