===== Sample #1 Input =====
3
50
3
1 2 3
50
3
4 5 6
0
3
7 8 9
===== Sample #1 Output =====
2
5
9
15
22
30
38
47
53
===== Sample #2 Input =====
4
728
3
859 1045 182
104
1
689
346
6
634 356 912 214 1 1
755
3
241 765 473
===== Sample #2 Output =====
858
1902
2083
2770
3401
3754
4663
4874
4872
4870
5107
5868
6337
===== Sample #3 Input =====
2
500000000
3
1000000000 999999999 888888888
250000000
5
777777777 666666666 555555555 444444444 333333333
===== Sample #3 Output =====
999999999
999999996
888888882
666666656
333333321
888888874
333333317
666666648
