===== Sample #1 Input =====
9
3
1 2 1
3 4 1
5 6 2
2
100000000 200000000 1
900000000 1000000000 2
5
1 2 1
2 3 2
3 4 3
4 5 4
5 6 5
5
1 5 1
4 9 2
1 2 1
8 9 2
5 7 3
2
1 100 2
10 90 1
3
1 1 1
10 10 2
1000000000 1000000000 3
3
3 4 1
2 5 1
1 6 2
6
5 6 2
11 12 3
7 8 2
3 4 2
1 2 1
9 10 2
2
1 3 1
2 3 2
===== Sample #1 Output =====
3 1 1 
700000000 700000000 
0 0 0 0 0 
0 0 2 1 0 
0 0 
9 9 999999990 
0 0 0 
3 1 3 1 1 1 
0 0
===== Sample #2 Input =====
4
8
11 16 7
12 15 7
2 5 8
17 22 5
1 8 8
19 23 8
16 16 6
6 7 5
9
1 4 3
5 11 1
8 11 3
1 10 1
2 11 1
1 10 4
3 11 1
5 7 1
1 11 1
9
25 25 1
26 26 1
24 24 2
13 14 2
12 16 2
17 18 1
19 19 1
24 27 2
24 27 1
9
15 18 1
20 22 2
13 22 2
13 22 2
3 13 2
6 10 2
3 6 2
19 24 2
22 24 2
===== Sample #2 Output =====
0 1 1 0 0 0 0 0 
0 0 0 0 0 0 0 0 0 
0 0 0 3 1 1 3 0 0 
0 2 0 0 2 5 9 1 4
