===== Sample #1 Input =====
3 50
1 2 3    1 2 3    3 2 1    1 2 3
3 2 1    1 2 3    1 2 3    1 2 3
1 2 3    3 2 1    1 2 3    3 2 1
1 2 3    3 2 1    1 2 3    3 2 1
1 2 3    1 2 3    3 2 1    1 2 3
3 2 1    1 2 3    3 2 1    1 2 3
1 2 3    3 2 1    1 2 3    1 2 3
1 2 3    1 2 3    3 2 1    1 2 3
3 2 1    3 2 1    1 2 3    3 2 1
1 2 3    3 2 1    3 2 1    1 2 3
1 2 3    3 2 1    1 2 3    3 2 1
3 2 1    3 2 1    1 2 3    1 2 3
3 2 1    3 2 1
===== Sample #1 Output =====
2 -1 2
===== Sample #2 Input =====
5 60
2 4 3 5 1    1 5 2 4 3    1 5 2 4 3
1 5 2 4 3    1 5 3 4 2    1 5 3 4 2
1 5 3 4 2    1 5 3 4 2    1 5 3 4 2
3 4 2 5 1    2 4 3 5 1    1 5 2 4 3
3 4 2 5 1    2 4 3 5 1    2 4 3 5 1
1 5 2 4 3    3 4 2 5 1    3 4 2 5 1
1 5 2 4 3    2 4 3 5 1    1 5 2 4 3
1 5 3 4 2    3 4 2 5 1    1 5 3 4 2
1 5 2 4 3    1 5 3 4 2    1 5 2 4 3
2 4 3 5 1    2 4 3 5 1    2 4 3 5 1
2 4 3 5 1    2 4 3 5 1    1 5 2 4 3
1 5 3 4 2    1 5 2 4 3    3 4 2 5 1
1 5 3 4 2    3 4 2 5 1    3 4 2 5 1
1 5 2 4 3    2 4 3 5 1    1 5 2 4 3
1 5 3 4 2    2 4 3 5 1    2 4 3 5 1
1 5 2 4 3    1 5 2 4 3    1 5 2 4 3
1 5 2 4 3    1 5 2 4 3    3 4 2 5 1
3 4 2 5 1    3 4 2 5 1    1 5 2 4 3
1 5 3 4 2    1 5 3 4 2    2 4 3 5 1
3 4 2 5 1    1 5 2 4 3    3 4 2 5 1
===== Sample #2 Output =====
5 4 4 5 -1
