===== Sample #1 Input =====
3
3 2 1
3 1 2
===== Sample #1 Output =====
5 1 1 2 1 2 2 3 2 3 3 
3 1 2 2 2 3 2 
5 1 3 1 2 1 1 2 1 3 1 
5 1 1 1 2 1 3 2 3 3 3
4 2 1 2 2 2 3 1 3 
4 3 1 3 2 3 3 2 3
===== Sample #2 Input =====
4
3 4 2 1
2 4 1 3
===== Sample #2 Output =====
6 1 1 1 2 2 2 2 3 3 3 4 3
6 1 2 1 3 2 3 2 4 3 4 4 4
5 1 3 2 3 2 2 3 2 4 2
7 1 4 1 3 1 2 2 2 2 1 3 1 4 1
7 1 1 2 1 3 1 3 2 3 3 2 3 2 4
6 2 1 2 2 3 2 4 2 4 3 4 4
6 3 1 3 2 3 3 3 4 2 4 1 4
5 4 1 4 2 4 3 3 3 3 4
===== Sample #3 Input =====
3
1 2 3
1 2 3
===== Sample #3 Output =====
3 1 1 2 1 3 1 
3 1 2 2 2 3 2 
3 1 3 2 3 3 3 
3 1 1 1 2 1 3 
3 2 1 2 2 2 3 
3 3 1 3 2 3 3
