===== Sample #1 Input =====
8
5
1 2 2 4
2 4 2 8
1 4 2 7
1 2 1 2
1 9 1 10
2
1 1 1 10
1 5 1 15
2
1 1 1 10
1 1 1 10
5
1 3 1 7
1 3 1 8
1 1 1 4
1 2 1 7
1 10 1 11
2
1 1 2 10
1 5 1 8
2
1 5 2 10
1 2 1 7
2
1 5 2 10
2 2 2 15
5
2 6 2 7
1 4 2 5
1 5 1 9
1 7 2 10
1 2 1 6
===== Sample #1 Output =====
15
1 2 2 4
2 5 2 8
1 5 1 7
0 0 0 0
1 9 1 10
15
1 1 1 10
1 11 1 15
10
1 1 1 10
0 0 0 0
10
0 0 0 0
1 8 1 8
1 1 1 4
1 5 1 7
1 10 1 11
20
1 1 2 10
0 0 0 0
15
1 5 2 10
1 2 1 4
20
1 5 1 10
2 2 2 15
16
2 6 2 6
2 4 2 5
0 0 0 0
1 7 2 10
1 2 1 6
