===== Sample #1 Input =====
8 4
0 0 0 0
0 0 0 1
0 0 0 2
0 0 1 0
0 0 2 0
0 1 0 0
1 0 0 0
2 2 0 0
===== Sample #1 Output =====
1
===== Sample #2 Input =====
7 4
0 0 0 0
0 0 0 1
0 0 0 2
0 0 1 0
0 0 2 0
0 1 0 0
0 2 0 0
===== Sample #2 Output =====
3
===== Sample #3 Input =====
9 2
0 0
0 1
0 2
1 0
1 1
1 2
2 0
2 1
2 2
===== Sample #3 Output =====
54
===== Sample #4 Input =====
20 4
0 2 0 0
0 2 2 2
0 2 2 1
0 2 0 1
1 2 2 0
1 2 1 0
1 2 2 1
1 2 0 1
1 1 2 2
1 1 0 2
1 1 2 1
1 1 1 1
2 1 2 0
2 1 1 2
2 1 2 1
2 1 1 1
0 1 1 2
0 0 1 0
2 2 0 0
2 0 0 2
===== Sample #4 Output =====
0
