===== Sample #1 Input =====
4 4
1 1 2 2
1 2 2 3 3
2 1 2
1 1 2 3 4
2 1 2

===== Sample #1 Output =====
3.0000000
3.0000000

===== Sample #2 Input =====
10 5
1 1 1 1 1 2 2 2 2 2
1 1 5 6 10
2 1 5
1 1 5 6 10
1 1 5 6 10
2 6 10

===== Sample #2 Output =====
6.0000000
8.0400000

===== Sample #3 Input =====
10 10
1 2 3 4 5 6 7 8 9 10
1 1 5 6 10
1 1 5 6 10
2 1 5
1 1 3 6 9
2 1 3
1 5 7 8 10
1 1 1 10 10
2 1 5
2 7 10
2 1 10

===== Sample #3 Output =====
23.0000000
14.0000000
28.0133333
21.5733333
55.0000000

