===== Sample #1 Input =====
3
4 6 2 5
1 1 1 5 4 1 4 5 3 3
1 2 1 2 6 1 3 2 1 3 6 1 4 3 1
3 2 6 1 3 5
2 1 7 4 4 6
2 3 1 4 3 4
4 3 4 3 2 3
4 3 3 7
1 1 1 2 1 3 4 1 4 2 4 3 1 1
1 1 1 2 1 1 2 2 1 2 3 1 3 1 1 3 2 1 3 3 1
1 1 1
2 2 2
3 3 3
4 4 4
8 11 3 7
1 1 1 5 1 9 8 1 8 5 8 9 4 5
1 3 1 1 7 1 1 11 1 4 5 1 8 3 1 8 7 1 8 11 1
9 2 3 1 9 2 3 1 9 2 3
1 1 1 1 1 1 1 1 1 1 1
9 9 9 9 9 9 9 9 9 9 9
1 1 1 1 1 1 1 1 1 1 1
9 9 9 9 9 9 9 9 9 9 9
1 1 1 1 1 1 1 1 1 1 1
9 9 9 9 9 9 9 9 9 9 9
1 8 7 9 1 8 7 9 1 8 7
===== Sample #1 Output =====
1
0
2
