===== Sample #1 Input =====
7
DRAW 10 0 50 0 50 30 10 30 10 0
DRAW 0 10 10 10 10 20 0 20 0 10
DRAW 40 0 40 10 50 10 50 0
REMOVE 45 1 1
DRAW 50 20 20 20 20 30
DRAW 40 20 40 30
REMOVE 42 23 3
END
7
DRAW 0 0 10 0
DRAW 1 0 11 0
DRAW 12 0 15 0
DRAW 5 0 5 1
DRAW 8 0 8 1
REMOVE 5 2 1
DRAW 11 0 12 0
END
0
===== Sample #1 Output =====
14
0.00 10.00
0.00 20.00
10.00 0.00
10.00 10.00
10.00 20.00
10.00 30.00
20.00 20.00
20.00 30.00
40.00 0.00
40.00 10.00
40.00 20.00
50.00 0.00
50.00 10.00
50.00 30.00
15
1 2
1 4
2 5
3 4
3 9
4 5
5 6
6 8
7 8
7 11
8 14
9 10
10 13
12 13
13 14
4
0.00 0.00
8.00 0.00
8.00 1.00
15.00 0.00
3
1 2
2 3
2 4
