===== Sample #1 Input =====
2
39 62 35 98 54 81 8 27 98 87 94 76
12 66 69 36 62 3 83 49 24 86 100 100
34 31 38 61 58 45 21 65 62 2 82 9
75 78 35 79 15 44 97 10 51 73 12 16
51 99 96 6 56 76 76 51 15 30 69 49
31 50 26 54 11 59 32 13 41 86 52 33
70 20 61 63 84 77 89 30 20 23 86 53
72 74 30 96 74 93 82 41 61 62 36 73
26 56 48 36 68 93 15 22 56 75 1 92
27 30 97 12 13 2 90 87 22 47 36 2
71 59 23 94 40 4 88 93 50 34 94 56
32 76 84 33 71 71 11 57 26 89 15 46
76 71 56 33 15 8 63 10 24 80 85 64
31 39 1 55 26 77 80 56 12 94 46 74
64 24 5 46 48 81 24 42 80 15 14 42
81 40 80 47 77 69 29 17 83 94 79 1
93 22 79 77 58 100 56 67 24 9 5 43
17 52 65 11 47 12 47 79 3 27 99 9
42 39 2 3 89 15 37 65 14 20 7 37
43 13 8 32 96 32 75 30 8 14 71 4
===== Sample #1 Output =====
4 5 8 11 13
4 5 7 9 10
