===== Sample #1 Input =====
2
8 12
2 01
0 11
1 32
1.5 2 1
2.5 2 1
3 32
4 11
2 01
0 0 0 0 0.2 0.4 0.6 0.8 1 1 1 1
2 4
0 0 1
4 3 1
0 0 1 1
7 10
1 1.732 1
0 0 0.5
2 0 1
4 0 0.5
3 1.732 1
2 3.464 0.5
1 1.732 1
0 0 0 0.333 0.333 0.667 0.667 1 1 1
7 10
0 1.732 1
2 0 0.5
3 0 1
6 0 0.5
2 1.732 1
6 3.464 0.5
0 1.732 1
0 0 0 0.333 0.333 0.667 0.667 1 1 1
===== Sample #1 Output =====
Case 1: 2
(1.029, 0.772)
(3.221, 2.416)
Case 2: 6
(0.847, 1.092)
(1.307, 2.078)
(2.283, 2.274)
(2.538, 0.133)
(2.693, 2.078)
(3.153, 1.092)
