===== Sample #1 Input =====
8
8 112 134 73 141 41 119 32 82 54 50 92 43 124 65 132 103
6 119 119 102 119 94 101 102 83 119 83 127 101
8 83 106 62 111 45 99 42 78 54 59 75 55 92 66 96 87
6 70 97 56 97 49 85 56 73 70 73 77 85
8 143 222 110 244 61 238 35 209 39 169 72 147 121 153 147 181
4 115 226 58 226 51 167 132 167
4 113 212 65 212 65 172 113 172
5 99 205 83 206 71 187 91 179 105 189
2
4 0 0 100 0 100 100 0 100
4 1000 1000 1100 1000 1100 1100 1000 1100
0
===== Sample #1 Output =====
Case 1:
Total Number of Communities 2
Total Cost:
Steel Fence: 0.09047417 Million Yuan
Wooden Fence: 0.03190241 Million Yuan
Case 2:
Total Number of Communities 2
Total Cost:
Steel Fence: 0.08000000 Million Yuan
Wooden Fence: 0.00000000 Million Yuan
