===== Sample #1 Input =====
3
5
0
===== Sample #1 Output =====
21
5 16
13 27
2
8 10 24
17 19
6
3 14 25
22
9 11
4 18 20
26
1 15
12 23
7
110 12 44 71 78
98 105
7 39 66
61 93 125
2 34
29 56 88 120 22
17 49 51 83 115
79 106 13 45 72
67 99 101
8 40
35 62 94 121
3
23 30 57 89 116
111 18 50 52 84
73 80 107 14 41
36 68 100 102
9
4 31 63 95 122
117 24 26 58 90
85 112 19 46 53
42 74 76 108 15
10 37 69 96 103
123
5 32 64 91
86 118 25 27 59
54 81 113 20 47
11 43 75 77 109
104
6 38 70 97
92 124
1 33 65
60 87 119 21 28
48 55 82 114 16
