===== Sample #1 Input =====
3
4467.61586728 8492.59551366 7060.96479020 6775.46633005 6725.89311907 9028.87449315
11 56 38 97 49 60
5779.32806104 1918.19337634 7490.69623286 4845.34535926 6419.53729066 4864.56878239
18 80 56 87 58 59
8991.93033007 6724.32910758 7219.48100000 7527.95330769 8549.92222645 3068.19948096
13 86 11 44 20 35
===== Sample #1 Output =====
9231.81800000 9623.96300000 3537.20000000 9108.65000000 7337.89000000 4913.10199999
7424.76700001 9490.84399999 4757.24799999 170.01100001 9262.77299999 4813.54299999
8242.99300000 529.39300000 9373.35300000 6551.39300000 6655.90700000 9417.10200000
