===== Sample #1 Input =====
64 2
8 45
0 0
===== Sample #1 Output =====
Problem #1
A=&gt; 64 63 62 61 60 59 58 57 56 55 54 53 52 51 50 49 48 47 46 45 44 43 42 41
40 39 38 37 36 35 34 33 32 31 30 29 28 27 26 25 24 23 22 21 20 19 18 17 16 15
14 13 12 11 10 9 8 7 6 5 4 3 2 1
B=&gt;
C=&gt;
A=&gt; 64 63 62 61 60 59 58 57 56 55 54 53 52 51 50 49 48 47 46 45 44 43 42 41
40 39 38 37 36 35 34 33 32 31 30 29 28 27 26 25 24 23 22 21 20 19 18 17 16 15
14 13 12 11 10 9 8 7 6 5 4 3 2
B=&gt; 1
C=&gt;
A=&gt; 64 63 62 61 60 59 58 57 56 55 54 53 52 51 50 49 48 47 46 45 44 43 42 41
40 39 38 37 36 35 34 33 32 31 30 29 28 27 26 25 24 23 22 21 20 19 18 17 16 15
14 13 12 11 10 9 8 7 6 5 4 3
B=&gt; 1
C=&gt; 2
Problem #2
A=&gt; 8 7 6 5 4 3 2 1
B=&gt;
C=&gt;
A=&gt; 8 7 6 5 4 3 2
B=&gt; 1
C=&gt;
A=&gt; 8 7 6 5 4 3
B=&gt; 1
C=&gt; 2
A=&gt; 8 7 6 5 4 3
B=&gt;
C=&gt; 2 1
A=&gt; 8 7 6 5 4
B=&gt; 3
C=&gt; 2 1
A=&gt; 8 7 6 5 4 1
B=&gt; 3
C=&gt; 2
A=&gt; 8 7 6 5 4 1
B=&gt; 3 2
C=&gt;
A=&gt; 8 7 6 5 4
B=&gt; 3 2 1
C=&gt;
A=&gt; 8 7 6 5
B=&gt; 3 2 1
C=&gt; 4
A=&gt; 8 7 6 5
B=&gt; 3 2
C=&gt; 4 1
A=&gt; 8 7 6 5 2
B=&gt; 3
C=&gt; 4 1
A=&gt; 8 7 6 5 2 1
B=&gt; 3
C=&gt; 4
A=&gt; 8 7 6 5 2 1
B=&gt;
C=&gt; 4 3
A=&gt; 8 7 6 5 2
B=&gt; 1
C=&gt; 4 3
A=&gt; 8 7 6 5
B=&gt; 1
C=&gt; 4 3 2
A=&gt; 8 7 6 5
B=&gt;
C=&gt; 4 3 2 1
A=&gt; 8 7 6
B=&gt; 5
C=&gt; 4 3 2 1
A=&gt; 8 7 6 1
B=&gt; 5
C=&gt; 4 3 2
A=&gt; 8 7 6 1
B=&gt; 5 2
C=&gt; 4 3
A=&gt; 8 7 6
B=&gt; 5 2 1
C=&gt; 4 3
A=&gt; 8 7 6 3
B=&gt; 5 2 1
C=&gt; 4
A=&gt; 8 7 6 3
B=&gt; 5 2
C=&gt; 4 1
A=&gt; 8 7 6 3 2
B=&gt; 5
C=&gt; 4 1
A=&gt; 8 7 6 3 2 1
B=&gt; 5
C=&gt; 4
A=&gt; 8 7 6 3 2 1
B=&gt; 5 4
C=&gt;
A=&gt; 8 7 6 3 2
B=&gt; 5 4 1
C=&gt;
A=&gt; 8 7 6 3
B=&gt; 5 4 1
C=&gt; 2
A=&gt; 8 7 6 3
B=&gt; 5 4
C=&gt; 2 1
A=&gt; 8 7 6
B=&gt; 5 4 3
C=&gt; 2 1
A=&gt; 8 7 6 1
B=&gt; 5 4 3
C=&gt; 2
A=&gt; 8 7 6 1
B=&gt; 5 4 3 2
C=&gt;
A=&gt; 8 7 6
B=&gt; 5 4 3 2 1
C=&gt;
A=&gt; 8 7
B=&gt; 5 4 3 2 1
C=&gt; 6
A=&gt; 8 7
B=&gt; 5 4 3 2
C=&gt; 6 1
A=&gt; 8 7 2
B=&gt; 5 4 3
C=&gt; 6 1
A=&gt; 8 7 2 1
B=&gt; 5 4 3
C=&gt; 6
A=&gt; 8 7 2 1
B=&gt; 5 4
C=&gt; 6 3
A=&gt; 8 7 2
B=&gt; 5 4 1
C=&gt; 6 3
A=&gt; 8 7
B=&gt; 5 4 1
C=&gt; 6 3 2
A=&gt; 8 7
B=&gt; 5 4
C=&gt; 6 3 2 1
A=&gt; 8 7 4
B=&gt; 5
C=&gt; 6 3 2 1
A=&gt; 8 7 4 1
B=&gt; 5
C=&gt; 6 3 2
A=&gt; 8 7 4 1
B=&gt; 5 2
C=&gt; 6 3
A=&gt; 8 7 4
B=&gt; 5 2 1
C=&gt; 6 3
A=&gt; 8 7 4 3
B=&gt; 5 2 1
C=&gt; 6
A=&gt; 8 7 4 3
B=&gt; 5 2
C=&gt; 6 1
