===== Sample #1 Input =====
1000 1 1 200 15 75
1000 100 1 2000 2000 2000 2000 300 800 20 0 5 5
900 10 100
1000 100 1 2000 2000 2000 2000 120 300 10 0 5 5
100 80 100
1000 100 1 2000 2000 2000 2000 100 400 30 1 5 5
450 40 100
1000 100 1 2000 2000 2000 2000 250 700 10 1 5 5
600 50 100
3000 4 1 800 15 75
2000 100 3 2 2 2 2 1 1 1 0 2 1 1000 100 100
2000 100 4 2 2 2 2 1 1000 25 0 2 1 1 1 100
2000 100 1 2 2 2 2 1 1000 1 1 1 1 300 100 0
2000 100 3 2 2 2 2 1 1000 30 0 5 1 1 6 100
26399 3 2 3182 543 800
4462 353 2 4300 4875 6856 5527 31497 5633 61 0 68
63 4355 0 351
5444 300 3 7682 1037 597 4214 6744 6861 68 0 65 12
2136 32 143
5875 705 2 2097 118 2366 978 14276 24850 48 0 55
70 3562 40 277
6413 33 1 6305 1898 340 5238 13989 25287 25 1 72
34 3176 4 30
0 0 0 0 0 0
===== Sample #1 Output =====
Case 1: 4 HLY HYL LHY LYH YHL YLH
Case 2: 12 HML
Case 3: -1
