===== Sample #1 Input =====
10 10 -10 -10 5.1
-10 -10 10 10 5.1
5 5 -5 -8 .3
===== Sample #1 Output =====
Case 1:
11
-10.00000 -10.00000
-5.00000 -5.00000
-1.58494 -5.91506
0.24519 -12.74519
5.00000 5.00000
5.24519 -7.74519
5.91506 1.58494
7.74519 -5.24519
8.66025 -8.66025
10.00000 10.00000
12.74519 -0.24519
Case 2:
11
-12.74519 0.24519
-10.00000 -10.00000
-8.66025 8.66025
-7.74519 5.24519
-5.91506 -1.58494
-5.24519 7.74519
-5.00000 -5.00000
-0.24519 12.74519
1.58494 5.91506
5.00000 5.00000
10.00000 10.00000
