===== Sample #1 Input =====
0.80
0
1.60 3735
2.40 5604
3.20 7470
4.00 9338
4.80 11205
5.60 11579
6.40 11953
7.20 12327
8.00 12701
8.80 13075
9.60 13449
3
Smith
5 28000
1 1 80
1 1 90
1 1 91
1 1 92
1 1 94
Jones
2 15000
12 20 87
3 22 96
Doe
3 9500
1 1 95
2 1 96
3 3 90
0
5040
7562
10030
12538
15045
15547
16049
16551
17052
17554
18056
0
6365
9550
12590
15739
18885
19515
20145
20774
21404
22033
22663
0
7650
11479
15150
18939
22725
23483
24240
24998
25755
26513
27270
0
8955
13437
17710
22139
26565
27451
28336
29222
30107
30992
31877
0
10260
15395
20270
25339
30405
31419
32432
33445
34458
35471
36484
0
11565
17353
22830
28540
34245
35387
36528
37669
38810
39950
41091
0
12870
19311
25390
31740
38085
39355
40624
41892
43161
44430
45698
0
14175
21270
27950
34940
41925
43323
44720
46116
47513
48909
50305
0
15480
23228
30510
38140
45765
47291
48815
50340
51864
53388
54912
===== Sample #1 Output =====
Smith 16 0.00
Smith 6 2.80
Smith 5 2.80
Smith 4 2.80
Smith 2 5.60
Jones 8 2.00
Jones 0 4.00
Doe 1 0.80
Doe 0 1.60
Doe 6 0.80
