===== Sample #1 Input =====
11 12
1 1
5 1
1 1 4
56 1
57 1 3 5 6
58 3 5
3 3
11 3 6
12 4
13 1 2
14 4 6
15 6
16 1 2 6
17 3 4
18 5 6
19 4 5
20 3 4
21 5
22 4 5
23 2 6
24 1 4 5
25 2 4
26 1 5
27 2 6
28 2 5
29 1 4
30 2 4
31 1 2
32 1 3 5
33 2 5 4
34 1 3
4 4
5 1 3
7 5 3
8 3
9 6 3
10 5
36 1
37 1 4
38 2 4
39 2 6
41 1 6
42 1 3
43 5
44 4
45 1 4
48 5 6
49 1 2
50 1 5
51 3
53 3 4
54 2 5
55 2
59 2 6
63 2
64 2 6
65 1 6
0
0 0
===== Sample #1 Output =====
1 13 7 14 26 31 19 25 37 49 43 49 37 25 19 31 26 14 7 13
1
NO SOLUTION
