===== Sample #1 Input =====
S Sample 1
P 5 8 0 8 8 0 8 5 6 2 3
P 3 6 13 2 18 2 13
P 4 15 6 15 14 10 14 10 6
S Sample 2
P 8 1 2 -3 5 1 8 -3 12 -7 8 -3 5 -7 2 -3 -2
S Sample 3
P 4 150 100 150 150 100 150 100 100
P 4 180 130 180 180 130 180 130 130
S Sample 4
P 4 20 5 10 10 0 5 10 0
P 4 20 20 10 25 0 20 10 15
P 4 20 35 10 40 0 35 10 30
END
===== Sample #1 Output =====
Sample 1 convex hull:
(15,6) (15,14) (2,18) (0,8) (2,3) (8,0)
Sample 2 convex hull:
(1,2) (1,8) (-3,12) (-7,8) (-7,2) (-3,-2)
Sample 3 convex hull:
(180,130) (180,180) (130,180) (100,150) (100,100) (150,100)
Sample 4 convex hull:
(20,5) (20,20) (20,35) (10,40) (0,35) (0,20) (0,5) (10,0)
