===== Sample #1 Input =====
-1.401117996399998e+00 1.509291958378880e-01 1.186959898555237e-01
1.918738650437130e-01 1.067473024933127e+00 9.075713530920345e-01
1.401117996399998e+00 -1.509291958378880e-01 -1.186959898555237e-01
-1.918738650437130e-01 -1.067473024933127e+00 -9.075713530920345e-01
4
0.000000000000000e+00 0.000000000000000e+00 0.000000000000000e+00
1.000000000000000e+00 0.000000000000000e+00 0.000000000000000e+00
1.000000000000000e+00 1.000000000000000e+00 0.000000000000000e+00
0.000000000000000e+00 1.000000000000000e+00 0.000000000000000e+00
0
===== Sample #1 Output =====
4.000
1.000
