===== Sample #1 Input =====
95864
95864
95864
95867
95920
9j876
95616
95616
95747
95814
95818
95818
8976
95818
95818
95819
95819
00000
95819
95819
95819
95819
95819
95825
95825
95825
95825
95825
95826
95826
95826
95826
95826
95826
95827
8976
95833
95833
95833
95833
95819
95819
95819
95819
95833
95833
95833
95864
95864
95864
123456
95864
95864
95864
95864
===== Sample #1 Output =====
ZIP
LETTERS
95819
11
95864
10
958xx
25
95616
2
95747
1
95920
1
TOTALS
50
INVALID ZIP CODES
9j876
8976
00000
123456
BUNDLES
1
1
2
0
0
0
4
