===== Sample #1 Input =====
1 2 3 4 5 6 7 8 9
3
(1,1,1) -&gt; (0,0)
(2,2,2) -&gt; (0,0)
(3,3,3) -&gt; (0,0)
(4,4,4) -&gt; (1,0)
(5,5,5) -&gt; (0,0)
(6,6,6) -&gt; (0,0)
(7,7,7) -&gt; (1,0)
(8,8,8) -&gt; (1,0)
(4,7,8) -&gt; (1,2)
(4,8,7) -&gt; (0,3)
(8,7,4) -&gt; (0,3)
(7,8,4) -&gt; (1,2)
(8,4,7) -&gt; (1,2)
%
1 2 3 4 5 6 7 8 9
3
(1,1,1) -&gt; (0,0)
(2,2,2) -&gt; (0,0)
(3,3,3) -&gt; (0,0)
(4,4,4) -&gt; (1,0)
(5,5,5) -&gt; (0,0)
(6,6,6) -&gt; (0,0)
(7,7,7) -&gt; (1,0)
(8,8,8) -&gt; (1,0)
(9,9,9) -&gt; (0,0)
%
===== Sample #1 Output =====
(7,4,8)
N
