===== Sample #1 Input =====
10
1 35 23 1 6
1 52 23 1 17
1 43 23 2 10
0 52 23 3 15
0 35 23 3 252
1 35 23 4 473
1 33 23 4 478
0 43 24 1 11
0 33 24 1 12
0 35 24 2 3
10
1 42 14 1 55
1 38 14 1 126
0 42 14 1 177
1 42 14 1 230
1 51 14 1 241
0 42 14 1 248
1 42 14 1 352
0 38 14 1 356
0 51 14 1 472
0 42 14 2 244
-1
===== Sample #1 Output =====
8
1 35 23 1 0
1 52 23 1 0
1 43 23 2 0
0 52 23 3 0
0 35 23 3 240
1 35 24 1 0
0 43 24 1 0
0 35 24 2 0
8
1 42 14 1 60
1 38 14 1 120
0 42 14 1 180
1 51 14 1 240
1 42 14 1 360
0 38 14 1 360
0 51 14 2 0
0 42 14 2 240
-1
